5.4237	6.7328	5.2395
3.9347	4.9497	5.0974
4.0054	5.1709	5.1754
5.1312	5.2984	4.8439
4.5383	4.3864	4.3092
3.2705	4.1662	3.7607
4.9483	4.8361	5.6641
4.3546	5.9094	4.6874
4.4253	6.1306	4.7654
5.5511	6.258	4.4339
4.9582	5.3461	3.8992
3.6903	5.1258	3.3507
5.3682	5.7958	5.2541
2.9364	4.3475	4.6233
4.0621	4.4749	4.2918
3.4693	3.563	3.7571
2.2014	3.3427	3.2086
3.8793	4.0127	5.112
4.1328	4.6961	4.3697
3.54	3.7841	3.835
2.2721	3.5639	3.2866
3.95	4.2338	5.1899
4.6657	3.9116	3.5035
3.3979	3.6913	2.9551
5.0758	4.3613	4.8584
2.805	2.7794	2.4204
4.4829	3.4493	4.3237
3.215	3.2291	3.7753
5.5388	7.245	6.0112
5.6095	7.4662	6.0891
6.7353	7.5936	5.7576
6.1424	6.6817	5.2229
4.8745	6.4614	4.6745
6.5524	7.1314	6.5778
4.1206	5.6831	5.947
5.2463	5.8105	5.6155
4.6534	4.8986	5.0808
3.3856	4.6783	4.5324
5.0635	5.3483	6.4357
5.317	6.0317	5.6934
4.7241	5.1198	5.1587
3.4563	4.8995	4.6103
5.1342	5.5695	6.5136
5.8499	5.2472	4.8272
4.5821	5.027	4.2788
6.2599	5.6969	6.1821
3.9892	4.115	3.7441
5.667	4.785	5.6474
4.3992	4.5647	5.099
4.5404	6.6427	5.537
5.6662	6.7702	5.2055
5.0733	5.8582	4.6708
3.8055	5.638	4.1224
5.4833	6.3079	6.0257
5.7369	6.9914	5.2834
5.144	6.0794	4.7487
3.8762	5.8592	4.2003
5.554	6.5291	6.1036
6.2698	6.2068	4.4172
5.002	5.9866	3.8688
6.6798	6.6566	5.7721
4.4091	5.0747	3.3341
6.0869	5.7446	5.2374
4.8191	5.5244	4.689
4.248	5.2083	5.1413
3.6551	4.2963	4.6066
2.3872	4.0761	4.0582
4.0651	4.746	5.9615
4.7809	4.4237	4.2751
3.513	4.2035	3.7267
5.1909	4.8734	5.63
2.9201	3.2915	3.192
4.598	3.9615	5.0953
3.3301	3.7413	4.5469
4.8516	4.6449	4.3531
3.5837	4.4247	3.8046
5.2616	5.0946	5.708
2.9908	3.5127	3.2699
4.6687	4.1827	5.1732
3.4008	3.9624	4.6248
4.1166	3.6402	2.9384
5.7945	4.3101	4.8418
4.5266	4.0899	4.2933
3.9337	3.1779	3.7586
5.0999	7.7162	6.4491
5.1706	7.9374	6.527
6.2964	8.0648	6.1955
5.7035	7.1529	5.6608
4.4356	6.9326	5.1124
6.1135	7.6026	7.0157
3.6817	6.1543	6.3849
4.8074	6.2817	6.0534
4.2145	5.3698	5.5187
2.9467	5.1495	4.9703
4.6246	5.8195	6.8736
4.8781	6.5029	6.1313
4.2852	5.591	5.5966
3.0174	5.3707	5.0482
4.6953	6.0407	6.9515
5.411	5.7184	5.2652
4.1432	5.4982	4.7167
5.8211	6.1681	6.6201
3.5503	4.5862	4.182
5.2282	5.2561	6.0853
3.9603	5.0359	5.5369
4.1015	7.1139	5.9749
5.2273	7.2414	5.6434
4.6344	6.3294	5.1087
3.3666	6.1092	4.5603
5.0444	6.7791	6.4636
5.298	7.4626	5.7213
4.7051	6.5506	5.1866
3.4373	6.3304	4.6382
5.1152	7.0003	6.5415
5.8309	6.678	4.8552
4.5631	6.4578	4.3067
6.2409	7.1277	6.2101
3.9702	5.5458	3.772
5.648	6.2158	5.6753
4.3802	5.9955	5.1269
3.8091	5.6795	5.5793
3.2162	4.7675	5.0445
1.9483	4.5473	4.4961
3.6262	5.2172	6.3994
4.342	4.8949	4.7131
3.0741	4.6747	4.1646
4.752	5.3446	6.068
2.4812	3.7627	3.6299
4.1591	4.4327	5.5332
2.8913	4.2124	4.9848
4.4127	5.1161	4.791
3.1448	4.8959	4.2426
4.8227	5.5658	6.1459
2.5519	3.9839	3.7078
4.2298	4.6539	5.6112
2.962	4.4336	5.0627
3.6777	4.1114	3.3764
5.3556	4.7813	5.2797
4.0877	4.5611	4.7313
3.4948	3.6491	4.1965
5.2857	8.4496	7.2986
6.4115	8.577	6.9671
5.8186	7.6651	6.4324
4.5508	7.4448	5.884
6.2286	8.1148	7.7873
6.4822	8.7982	7.0451
5.8893	7.8862	6.5103
4.6215	7.666	5.9619
6.2993	8.3359	7.8652
7.0151	8.0137	6.1789
5.7472	7.7934	5.6304
7.4251	8.4634	7.5338
5.1544	6.8815	5.0957
6.8322	7.5514	6.999
5.5644	7.3312	6.4506
4.9933	7.0151	6.903
4.4004	6.1031	6.3682
3.1325	5.8829	5.8198
4.8104	6.5528	7.7231
5.5262	6.2306	6.0368
4.2583	6.0103	5.4883
5.9362	6.6803	7.3917
3.6654	5.0984	4.9536
5.3433	5.7683	6.8569
4.0754	5.5481	6.3085
5.5969	6.4518	6.1147
4.329	6.2315	5.5663
6.0069	6.9015	7.4696
3.7361	5.3196	5.0315
5.414	5.9895	6.9349
4.1461	5.7693	6.3864
4.8619	5.447	4.7001
6.5398	6.1169	6.6034
5.2719	5.8967	6.055
4.679	4.9847	5.5202
5.4131	7.9747	6.493
4.8203	7.0628	5.9582
3.5524	6.8425	5.4098
5.2303	7.5125	7.3131
5.946	7.1902	5.6268
4.6782	6.97	5.0783
6.3561	7.6399	6.9817
4.0853	6.058	4.5436
5.7632	6.728	6.4469
4.4953	6.5077	5.8985
6.0167	7.4114	5.7047
4.7489	7.1912	5.1563
6.4268	7.8611	7.0596
4.156	6.2792	4.6215
5.8339	6.9491	6.5249
4.566	6.7289	5.9764
5.2818	6.4066	4.2901
6.9596	7.0766	6.1934
5.6918	6.8563	5.645
5.0989	5.9444	5.1102
4.5278	5.6283	5.5626
3.26	5.408	5.0142
4.9378	6.078	6.9175
2.6671	4.4961	4.4794
4.3449	5.166	6.3828
3.0771	4.9458	5.8343
3.7928	4.6235	4.148
5.4707	5.2935	6.0513
4.2029	5.0732	5.5029
3.61	4.1613	4.9681
3.8635	4.8447	4.2259
5.5414	5.5147	6.1292
4.2736	5.2944	5.5808
3.6807	4.3825	5.0461
4.8064	4.5099	4.7146
