cellType 	 gene 	 date 	 timePt 	 dataNum 	 objNum 	volume 	 area 	 totalGAPDH 	 cytoGAPDH 	 nucGAPDH 	nucArea 	 nucIntensityTotal 	 nucIntensityAvg 	numCyclin 	 totalRNA 	 cytoRNA 	 nucRNA 	numTxnSites 	 avgIntron 	 avgExon 	 numRnaPerTxnSiteAvgExon 
CRL2097_ActD_SerumStarved	ZNF444	130327	0	1	1	1314.191744	2941.640625	1492	1385	107	217.937500	54649580.000000	3918.094350	9	7	6	1	0	0.000000	0.000000	0.000000
CRL2097_ActD_SerumStarved	ZNF444	130327	0	2	1	1033.117041	1980.562500	1015	964	51	173.937500	51078465.000000	4588.435591	7	14	7	7	0	0.000000	0.000000	0.000000
CRL2097_ActD_SerumStarved	ZNF444	130327	0	2	2	855.866995	1541.437500	998	902	96	160.734375	51568818.000000	5013.008457	3	10	9	1	1	327.432139	369.433444	0.469950
CRL2097_ActD_SerumStarved	ZNF444	130327	0	3	1	998.118707	2096.890625	1302	1225	77	151.671875	53130774.000000	5473.449469	1	13	10	3	0	0.000000	0.000000	0.000000
CRL2097_ActD_SerumStarved	ZNF444	130327	0	4	1	1761.724379	4989.718750	1906	1794	112	276.953125	55754917.000000	3145.552440	5	21	16	5	0	0.000000	0.000000	0.000000
CRL2097_ActD_SerumStarved	ZNF444	130327	0	5	1	1689.907097	3855.750000	1551	1455	96	271.171875	50399705.000000	2904.045232	10	26	21	5	1	520.061482	501.074106	0.600447
CRL2097_ActD_SerumStarved	ZNF444	130327	0	6	1	1630.500280	2607.968750	1468	1322	146	234.359375	47155009.000000	3143.876858	2	12	10	2	1	444.108778	952.813745	0.860220
CRL2097_ActD_SerumStarved	ZNF444	130327	0	6	2	1328.480060	2942.234375	1046	989	57	180.671875	43256588.000000	3740.948543	2	9	7	2	0	0.000000	0.000000	0.000000
CRL2097_ActD_SerumStarved	ZNF444	130327	0	7	1	1491.471384	3066.531250	942	833	109	254.515625	46544724.000000	2857.432869	2	14	11	3	0	0.000000	0.000000	0.000000
CRL2097_ActD_SerumStarved	ZNF444	130327	0	8	1	1513.518936	1695.812500	1398	1274	124	200.609375	45669826.000000	3557.117065	1	11	8	3	1	427.644060	779.645239	1.169289
CRL2097_ActD_SerumStarved	ZNF444	130327	0	9	1	1107.817110	3344.625000	914	813	101	223.046875	49467938.000000	3465.354676	1	13	10	3	1	530.757728	311.920282	0.396705
CRL2097_ActD_SerumStarved	ZNF444	130327	0	10	1	1270.662556	3030.453125	1209	1113	96	212.593750	45761986.000000	3363.368073	2	17	17	0	0	0.000000	0.000000	0.000000
CRL2097_ActD_SerumStarved	ZNF444	130327	0	11	1	2952.271137	5428.484375	3308	3123	185	475.687500	192156364.000000	6311.797530	12	54	37	17	1	452.400809	462.149999	0.580452
CRL2097_ActD_SerumStarved	ZNF444	130327	0	12	1	1290.209330	3181.734375	1463	1337	126	248.968750	51251337.000000	3216.476528	6	18	12	6	0	0.000000	0.000000	0.000000
CRL2097_ActD_SerumStarved	ZNF444	130327	0	13	1	1264.692060	2003.421875	972	926	46	196.015625	49331624.000000	3932.373376	4	11	9	2	0	0.000000	0.000000	0.000000
CRL2097_ActD_SerumStarved	ZNF444	130327	0	14	1	2764.854187	4112.265625	2424	2276	148	268.250000	50441639.000000	2938.119699	2	18	12	6	0	0.000000	0.000000	0.000000
CRL2097_ActD_SerumStarved	ZNF444	130327	0	15	1	1522.187831	2256.250000	1283	1190	93	299.906250	53796811.000000	2802.793112	4	17	10	7	1	311.984286	573.478460	0.702651
CRL2097_ActD_SerumStarved	ZNF444	130327	0	16	1	1079.670537	3153.703125	1465	1334	131	252.359375	53606021.000000	3319.052752	5	11	6	5	0	0.000000	0.000000	0.000000
CRL2097_ActD_SerumStarved	ZNF444	130327	0	17	1	1121.147777	2346.546875	1204	1110	94	210.406250	46699674.000000	3467.969256	15	16	13	3	0	0.000000	0.000000	0.000000
CRL2097_ActD_SerumStarved	ZNF444	130327	0	18	1	2759.738192	5451.500000	2348	2215	133	328.546875	51437181.000000	2446.244400	5	31	19	12	0	0.000000	0.000000	0.000000
CRL2097_ActD_SerumStarved	ZNF444	130327	0	19	1	827.119841	2194.562500	757	694	63	203.109375	44130268.000000	3394.897146	3	17	13	4	0	0.000000	0.000000	0.000000
CRL2097_ActD_SerumStarved	ZNF444	130327	0	20	1	1272.086957	2395.343750	935	857	78	245.125000	49966952.000000	3185.042835	7	8	4	4	0	0.000000	0.000000	0.000000
CRL2097_ActD_SerumStarved	ZNF444	130327	0	20	2	1613.962406	2265.671875	1789	1576	213	267.015625	92791381.000000	5429.889461	13	21	15	6	0	0.000000	0.000000	0.000000
CRL2097_ActD_SerumStarved	ZNF444	130327	0	21	1	1165.600799	2046.437500	1332	1260	72	209.593750	44779790.000000	3338.287610	13	16	12	4	0	0.000000	0.000000	0.000000
CRL2097_ActD_SerumStarved	ZNF444	130327	0	21	2	1103.562329	1992.312500	1050	986	64	187.781250	46175034.000000	3842.156266	2	16	13	3	0	0.000000	0.000000	0.000000
CRL2097_ActD_SerumStarved	ZNF444	130327	0	22	1	1492.485117	3886.375000	902	826	76	274.734375	52093429.000000	2962.715634	18	13	10	3	0	0.000000	0.000000	0.000000
CRL2097_ActD_SerumStarved	ZNF444	130327	0	23	1	965.554258	2446.937500	1007	887	120	237.109375	45703537.000000	3011.765206	16	13	10	3	0	0.000000	0.000000	0.000000
CRL2097_ActD_SerumStarved	ZNF444	130327	0	24	1	1407.990729	3663.968750	1443	1382	61	250.062500	50857598.000000	3177.805424	6	17	13	4	0	0.000000	0.000000	0.000000
CRL2097_ActD_SerumStarved	ZNF444	130327	0	25	1	1464.617168	3082.718750	1292	1215	77	230.421875	51024973.000000	3460.023937	26	18	13	5	0	0.000000	0.000000	0.000000
CRL2097_ActD_SerumStarved	ZNF444	130327	0	26	1	1493.159644	3772.828125	1251	1169	82	226.406250	49571571.000000	3421.088406	19	20	17	3	0	0.000000	0.000000	0.000000
CRL2097_ActD_SerumStarved	ZNF444	130327	0	28	1	2137.966104	3015.968750	1298	1234	64	212.640625	46524764.000000	3418.676170	6	12	12	0	0	0.000000	0.000000	0.000000
CRL2097_ActD_SerumStarved	ZNF444	130327	0	29	1	1293.267357	2179.875000	960	890	70	225.312500	46852741.000000	3249.149861	4	10	6	4	1	302.533149	511.599375	0.520195
CRL2097_ActD_SerumStarved	ZNF444	130327	0	30	1	1351.072432	2193.421875	1458	1384	74	209.171875	82727772.000000	6179.709569	62	12	8	4	0	0.000000	0.000000	0.000000
CRL2097_ActD_SerumStarved	ZNF444	130327	4	2	1	1148.058354	2898.890625	1006	956	50	207.015625	38290191.000000	2890.043852	7	11	10	1	0	0.000000	0.000000	0.000000
CRL2097_ActD_SerumStarved	ZNF444	130327	4	3	1	1371.937551	3143.843750	1309	1267	42	265.250000	46104738.000000	2715.877592	2	14	11	3	0	0.000000	0.000000	0.000000
CRL2097_ActD_SerumStarved	ZNF444	130327	4	4	1	4082.444209	8685.875000	3158	3082	76	482.515625	93396434.000000	3024.397979	19	19	16	3	0	0.000000	0.000000	0.000000
CRL2097_ActD_SerumStarved	ZNF444	130327	4	5	1	1501.411674	2611.906250	1393	1336	57	249.937500	44793626.000000	2800.301700	3	18	11	7	1	437.749650	710.488812	1.090686
CRL2097_ActD_SerumStarved	ZNF444	130327	4	5	2	1163.605611	2984.812500	1149	1106	43	244.531250	42110966.000000	2690.796550	5	7	5	2	1	536.044451	573.066405	0.220748
CRL2097_ActD_SerumStarved	ZNF444	130327	4	6	1	1221.937369	3357.203125	1207	1156	51	195.421875	38569918.000000	3083.866475	4	9	8	1	0	0.000000	0.000000	0.000000
CRL2097_ActD_SerumStarved	ZNF444	130327	4	7	1	848.658261	2370.468750	960	918	42	202.781250	44931647.000000	3462.139544	3	8	8	0	0	0.000000	0.000000	0.000000
CRL2097_ActD_SerumStarved	ZNF444	130327	4	7	2	820.774030	2880.421875	795	762	33	245.812500	43694993.000000	2777.459509	3	7	4	3	1	472.780510	692.289916	1.080513
CRL2097_ActD_SerumStarved	ZNF444	130327	4	8	1	742.562758	1907.343750	902	855	47	202.562500	46717318.000000	3603.619099	5	9	7	2	1	523.707539	777.132491	0.656268
CRL2097_ActD_SerumStarved	ZNF444	130327	4	8	2	526.854559	2578.609375	656	617	39	247.343750	45849331.000000	2896.356980	5	5	3	2	0	0.000000	0.000000	0.000000
CRL2097_ActD_SerumStarved	ZNF444	130327	4	9	1	856.550236	2717.812500	1457	1375	82	185.140625	50002864.000000	4220.007089	6	9	7	2	0	0.000000	0.000000	0.000000
CRL2097_ActD_SerumStarved	ZNF444	130327	4	9	2	1047.024752	2602.984375	1086	1007	79	238.578125	47102891.000000	3084.870718	14	7	6	1	1	560.314862	657.847021	0.086995
CRL2097_ActD_SerumStarved	ZNF444	130327	4	10	1	1462.420578	3035.203125	1258	1204	54	262.765625	48915263.000000	2908.679491	3	9	8	1	1	511.186969	767.002392	0.851149
CRL2097_ActD_SerumStarved	ZNF444	130327	4	11	1	2018.841698	2813.296875	1968	1910	58	215.593750	45512277.000000	3298.469126	7	8	7	1	0	0.000000	0.000000	0.000000
CRL2097_ActD_SerumStarved	ZNF444	130327	4	12	1	1065.020827	2231.312500	1259	1202	57	196.390625	45140781.000000	3591.437744	4	12	9	3	1	729.558172	1030.057410	1.297273
CRL2097_ActD_SerumStarved	ZNF444	130327	4	13	1	755.831711	1581.171875	622	568	54	247.796875	47921182.000000	3021.702629	5	6	4	2	0	0.000000	0.000000	0.000000
CRL2097_ActD_SerumStarved	ZNF444	130327	4	13	2	1013.879836	3101.921875	895	851	44	226.718750	47947291.000000	3304.430806	3	6	4	2	1	435.631864	401.895352	0.281879
CRL2097_ActD_SerumStarved	ZNF444	130327	4	14	1	742.518429	2987.796875	868	837	31	205.906250	46434655.000000	3523.649643	3	11	7	4	0	0.000000	0.000000	0.000000
CRL2097_ActD_SerumStarved	ZNF444	130327	4	15	1	970.317653	2511.953125	978	938	40	222.953125	43771030.000000	3067.561147	4	11	7	4	1	656.718932	646.943713	0.908510
CRL2097_ActD_SerumStarved	ZNF444	130327	4	16	1	1824.897767	4217.453125	1587	1538	49	231.984375	46619383.000000	3139.986731	10	29	28	1	0	0.000000	0.000000	0.000000
CRL2097_ActD_SerumStarved	ZNF444	130327	4	17	1	1760.345368	3942.078125	1447	1378	69	259.765625	47945293.000000	2883.927398	12	17	13	4	1	625.065246	687.778392	0.464233
CRL2097_ActD_SerumStarved	ZNF444	130327	4	18	1	1255.038216	3014.921875	1151	1065	86	262.375000	45101202.000000	2685.874345	11	10	3	7	2	496.714161	487.888877	0.602764
CRL2097_ActD_SerumStarved	ZNF444	130327	4	19	1	669.858694	2681.156250	733	670	63	204.812500	44765212.000000	3415.106195	3	5	4	1	0	0.000000	0.000000	0.000000
CRL2097_ActD_SerumStarved	ZNF444	130327	4	20	1	1104.104538	2987.359375	1425	1365	60	206.718750	41743462.000000	3155.212547	8	15	12	3	0	0.000000	0.000000	0.000000
CRL2097_ActD_SerumStarved	ZNF444	130327	4	23	1	997.437173	2227.140625	1332	1239	93	184.140625	34553891.000000	2932.022995	8	9	8	1	1	589.159641	711.404959	0.893088
CRL2097_ActD_SerumStarved	ZNF444	130327	4	24	1	1073.657911	3122.828125	1122	1079	43	172.625000	34957159.000000	3164.116492	7	5	3	2	0	0.000000	0.000000	0.000000
CRL2097_ActD_SerumStarved	ZNF444	130327	4	25	1	275.093113	2477.484375	364	334	30	268.468750	36109328.000000	2101.578862	3	8	5	3	1	771.856283	517.701356	0.886924
CRL2097_ActD_SerumStarved	ZNF444	130327	4	26	1	836.038630	3457.125000	893	825	68	226.406250	36794693.000000	2539.316287	22	8	6	2	1	633.928162	712.177957	1.251700
CRL2097_ActD_SerumStarved	ZNF444	130327	4	27	1	1881.081160	4440.000000	1965	1902	63	287.765625	35299493.000000	1916.679861	7	25	20	5	1	590.577306	637.909807	1.152991
CRL2097_ActD_SerumStarved	ZNF444	130327	4	28	1	2240.464082	6280.390625	1862	1750	112	295.937500	36404044.000000	1922.072017	40	20	17	3	0	0.000000	0.000000	0.000000
CRL2097_ActD_SerumStarved	ZNF444	130327	4	29	1	2296.789183	4988.281250	2223	2159	64	236.640625	35803511.000000	2364.048267	5	19	15	4	2	425.082627	345.847648	0.541990
CRL2097_ActD_SerumStarved	ZNF444	130327	4	30	1	1100.083147	2456.500000	1114	1031	83	201.031250	30687039.000000	2385.126613	7	10	7	3	0	0.000000	0.000000	0.000000
CRL2097_ActD_SerumStarved	ZNF444	130327	4	31	1	829.767897	2437.984375	1278	1228	50	186.125000	33651786.000000	2825.032404	6	12	10	2	0	0.000000	0.000000	0.000000
CRL2097_ActD_SerumStarved	ZNF444	130327	4	32	1	2275.627756	5941.296875	2118	2055	63	349.703125	74045489.000000	3308.408427	3	20	14	6	1	518.270591	583.443010	0.840364
CRL2097_ActD_SerumStarved	ZNF444	130327	4	33	1	2255.502673	3279.203125	2060	2004	56	241.296875	33844537.000000	2191.577867	18	11	9	2	1	441.943722	668.525938	1.249568
CRL2097_ActD_SerumStarved	ZNF444	130327	4	34	1	2653.877376	6650.953125	2010	1954	56	268.062500	37436018.000000	2182.094777	6	16	15	1	1	339.544620	642.524792	0.890885
CRL2097_ActD_SerumStarved	ZNF444	130327	4	35	1	814.924477	2291.890625	768	725	43	198.765625	32166922.000000	2528.647276	24	5	5	0	0	0.000000	0.000000	0.000000
CRL2097_ActD_SerumStarved	UBC	130328	0	1	1	1179.708210	2958.437500	1482	1412	70	225.281250	44710146.000000	3100.995006	7	430	396	34	2	2757.880106	2619.072340	1.400978
CRL2097_ActD_SerumStarved	UBC	130328	0	1	2	1039.503301	2495.234375	1463	1362	101	269.140625	87852749.000000	5100.304731	2	476	438	38	4	1286.866832	1765.531000	1.036718
CRL2097_ActD_SerumStarved	UBC	130328	0	2	1	2890.495212	3308.234375	3015	2753	262	369.203125	50738100.000000	2147.280884	3	1309	1176	133	2	3060.453748	3689.611665	1.948691
CRL2097_ActD_SerumStarved	UBC	130328	0	3	1	1244.835965	3484.734375	1487	1366	121	253.640625	46955327.000000	2892.584673	10	450	421	29	2	2349.607526	3532.788420	1.614098
CRL2097_ActD_SerumStarved	UBC	130328	0	4	1	2216.732981	4845.453125	1756	1655	101	298.671875	48071813.000000	2514.873816	8	869	816	53	2	2916.805354	2730.351409	1.254652
CRL2097_ActD_SerumStarved	UBC	130328	0	5	1	1087.010360	1639.765625	1268	1123	145	279.187500	75509285.000000	4225.950582	4	412	374	38	4	1674.245389	1674.996450	0.936562
CRL2097_ActD_SerumStarved	UBC	130328	0	6	1	1657.415471	2919.187500	1798	1699	99	207.468750	40284241.000000	3033.908797	2	575	548	27	1	2996.065132	2140.541200	0.981767
CRL2097_ActD_SerumStarved	UBC	130328	0	7	1	1125.420920	2321.437500	1023	950	73	205.234375	40452339.000000	3079.736506	1	358	345	13	1	1512.540777	1466.554685	0.705049
CRL2097_ActD_SerumStarved	UBC	130328	0	7	2	1019.250211	2090.406250	1138	1023	115	169.515625	35563244.000000	3278.020463	2	380	365	15	1	3076.250919	3237.962610	1.576270
CRL2097_ActD_SerumStarved	UBC	130328	0	8	1	1017.458962	3226.750000	1398	1278	120	214.515625	42191705.000000	3073.181222	6	355	330	25	2	2669.587903	3450.934267	1.603902
CRL2097_ActD_SerumStarved	UBC	130328	0	9	1	1129.974662	2889.000000	1181	1114	67	201.125000	37394128.000000	2905.075202	8	367	351	16	1	1798.298441	3373.628835	1.616094
CRL2097_ActD_SerumStarved	UBC	130328	0	10	1	1170.657860	2774.937500	914	825	89	220.375000	42210819.000000	2992.826078	2	413	362	51	3	2438.094177	2370.582252	1.040872
CRL2097_ActD_SerumStarved	UBC	130328	0	11	1	3171.439593	4395.093750	2029	1837	192	306.859375	44513804.000000	2266.602373	3	744	713	31	1	7822.174173	6414.725238	3.028114
CRL2097_ActD_SerumStarved	UBC	130328	0	12	1	1456.224912	4239.343750	1380	1247	133	260.000000	45288299.000000	2721.652584	12	596	557	39	2	5475.320118	4934.403851	2.024651
CRL2097_ActD_SerumStarved	UBC	130328	0	13	1	1527.042809	2646.406250	1725	1563	162	242.531250	42737013.000000	2753.318709	4	532	494	38	1	6390.205618	7864.047227	3.243993
CRL2097_ActD_SerumStarved	UBC	130328	0	14	1	1067.716209	2286.234375	1052	965	87	199.687500	42764435.000000	3346.199922	6	207	196	11	2	1731.645167	2773.326215	1.197556
CRL2097_ActD_SerumStarved	UBC	130328	0	15	1	1143.602072	3485.468750	1042	970	72	227.312500	44340631.000000	3047.885001	4	334	308	26	2	4885.281008	2374.473518	0.967840
CRL2097_ActD_SerumStarved	UBC	130328	0	16	1	1806.465321	5033.453125	1622	1504	118	297.406250	87889950.000000	4617.523905	5	598	569	29	3	1978.852314	2242.411289	0.975226
CRL2097_ActD_SerumStarved	UBC	130328	0	17	1	871.879512	2981.421875	1071	961	110	211.671875	46358268.000000	3422.032037	26	204	190	14	2	2261.388034	3744.962321	1.421607
CRL2097_ActD_SerumStarved	UBC	130328	0	17	2	679.961047	1469.281250	966	884	82	155.265625	41431845.000000	4169.452048	16	223	210	13	2	2018.189129	2530.884197	1.021503
CRL2097_ActD_SerumStarved	UBC	130328	0	18	1	3297.126890	6575.828125	2180	2066	114	304.421875	46043357.000000	2363.258071	4	757	713	44	2	5254.588405	5861.624058	2.611547
CRL2097_ActD_SerumStarved	UBC	130328	0	19	1	2902.098359	5032.609375	2132	1993	139	302.187500	47421047.000000	2451.967270	11	946	889	57	4	2092.525893	2122.739451	0.911397
CRL2097_ActD_SerumStarved	UBC	130328	0	20	1	869.122098	2621.687500	485	445	40	178.500000	41623869.000000	3643.545956	3	392	377	15	2	3861.695334	2944.668385	1.277987
CRL2097_ActD_SerumStarved	UBC	130328	0	21	1	903.064490	1707.796875	782	692	90	216.781250	44577447.000000	3213.020542	3	422	383	39	1	3093.754607	2540.401753	1.089636
CRL2097_ActD_SerumStarved	UBC	130328	0	22	1	1156.029579	2708.781250	1399	1315	84	220.921875	45347758.000000	3207.281845	11	279	253	26	2	2907.615131	2232.256739	0.824349
CRL2097_ActD_SerumStarved	UBC	130328	0	23	1	1368.906128	2835.062500	1197	1083	114	203.203125	41354960.000000	3179.927720	2	468	435	33	4	1570.999434	1875.020594	0.749339
CRL2097_ActD_SerumStarved	UBC	130328	0	24	1	1762.122784	4289.859375	1550	1419	131	245.500000	42994848.000000	2736.433809	6	582	538	44	1	4070.821597	3459.348843	1.539144
CRL2097_ActD_SerumStarved	UBC	130328	0	25	1	1218.057037	3487.718750	797	707	90	269.953125	47170076.000000	2730.223766	5	481	436	45	3	3782.129748	3591.330247	1.584055
CRL2097_ActD_SerumStarved	UBC	130328	0	26	1	2526.179116	6769.953125	1850	1713	137	351.218750	90744143.000000	4037.020331	8	738	660	78	4	2050.996723	1451.621813	0.594206
CRL2097_ActD_SerumStarved	UBC	130328	0	27	1	3292.519264	7223.281250	2258	2165	93	334.796875	53970061.000000	2518.787558	7	1197	1144	53	5	2846.648483	3055.900774	1.259860
CRL2097_ActD_SerumStarved	UBC	130328	0	28	1	2695.708309	3091.000000	1884	1752	132	285.875000	48563300.000000	2654.312418	3	695	660	35	1	3483.789681	2812.471587	1.107154
CRL2097_ActD_SerumStarved	UBC	130328	0	29	1	1742.293622	3040.093750	2104	1939	165	257.421875	89242233.000000	5416.827496	5	661	627	34	2	2526.881777	1278.451439	0.484771
CRL2097_ActD_SerumStarved	UBC	130328	0	30	1	1355.868851	2919.859375	1080	975	105	239.218750	46757082.000000	3054.022338	10	405	375	30	2	4619.583072	4674.165142	1.738806
CRL2097_ActD_SerumStarved	UBC	130328	4	1	1	1624.526973	3081.796875	1547	1494	53	232.750000	41676989.000000	2797.864460	5	287	282	5	0	0.000000	0.000000	0.000000
CRL2097_ActD_SerumStarved	UBC	130328	4	1	2	1070.655388	2609.937500	1177	1148	29	236.828125	39395519.000000	2599.163357	1	144	140	4	0	0.000000	0.000000	0.000000
CRL2097_ActD_SerumStarved	UBC	130328	4	2	1	1992.626738	3344.015625	2247	2139	108	357.765625	83058132.000000	3627.467878	5	328	308	20	0	0.000000	0.000000	0.000000
CRL2097_ActD_SerumStarved	UBC	130328	4	3	1	1079.883084	2073.640625	1447	1374	73	173.250000	35379271.000000	3190.771194	5	155	138	17	0	0.000000	0.000000	0.000000
CRL2097_ActD_SerumStarved	UBC	130328	4	4	1	671.009620	2245.453125	938	895	43	195.515625	36061733.000000	2881.941421	4	129	126	3	0	0.000000	0.000000	0.000000
CRL2097_ActD_SerumStarved	UBC	130328	4	4	2	1030.253993	2986.937500	1598	1552	46	236.937500	40400435.000000	2664.233382	18	156	150	6	0	0.000000	0.000000	0.000000
CRL2097_ActD_SerumStarved	UBC	130328	4	5	1	783.258292	2201.765625	938	858	80	225.437500	34889320.000000	2418.167452	1	159	137	22	0	0.000000	0.000000	0.000000
CRL2097_ActD_SerumStarved	UBC	130328	4	6	1	1281.686664	2269.968750	1267	1262	5	13.515625	2805167.000000	3242.967630	17	225	225	0	0	0.000000	0.000000	0.000000
CRL2097_ActD_SerumStarved	UBC	130328	4	7	1	2068.295414	4810.421875	2774	2644	130	329.250000	80061918.000000	3799.445615	4	263	241	22	1	1168.064495	615.699036	0.291935
CRL2097_ActD_SerumStarved	UBC	130328	4	8	1	812.341340	1857.281250	1151	1092	59	173.921875	39129850.000000	3515.393945	2	133	128	5	0	0.000000	0.000000	0.000000
CRL2097_ActD_SerumStarved	UBC	130328	4	8	2	1058.158387	2556.562500	1687	1652	35	180.921875	37013118.000000	3196.572934	41	228	187	41	0	0.000000	0.000000	0.000000
CRL2097_ActD_SerumStarved	UBC	130328	4	9	1	1959.709942	3140.000000	1765	1709	56	277.812500	74741045.000000	4203.658324	1	173	161	12	0	0.000000	0.000000	0.000000
CRL2097_ActD_SerumStarved	UBC	130328	4	10	1	1899.347081	3351.703125	1861	1767	94	304.968750	73810640.000000	3781.670253	5	361	334	27	1	953.345745	871.909812	0.438947
CRL2097_ActD_SerumStarved	UBC	130328	4	11	1	915.085424	2390.250000	1334	1264	70	197.218750	34018977.000000	2695.212882	5	107	95	12	0	0.000000	0.000000	0.000000
CRL2097_ActD_SerumStarved	UBC	130328	4	12	1	1599.414049	3862.640625	1798	1694	104	371.953125	70543947.000000	2963.408822	6	293	267	26	1	1113.679475	1377.973402	0.924461
CRL2097_ActD_SerumStarved	UBC	130328	4	13	1	1037.155286	2777.093750	1393	1343	50	194.562500	33232843.000000	2668.875924	15	265	242	23	0	0.000000	0.000000	0.000000
CRL2097_ActD_SerumStarved	UBC	130328	4	14	1	1592.249993	3477.484375	1382	1339	43	202.343750	33426846.000000	2581.223629	3	180	172	8	0	0.000000	0.000000	0.000000
CRL2097_ActD_SerumStarved	UBC	130328	4	15	1	563.541509	1422.265625	829	799	30	162.515625	31291716.000000	3008.529564	6	79	71	8	0	0.000000	0.000000	0.000000
CRL2097_ActD_SerumStarved	UBC	130328	4	16	1	2063.789075	3571.921875	1988	1935	53	255.781250	37682896.000000	2301.948442	4	485	471	14	1	767.373595	1370.642703	0.820791
CRL2097_ActD_SerumStarved	UBC	130328	4	17	1	1584.492032	3854.453125	1406	1361	45	247.203125	41315141.000000	2611.411478	3	255	250	5	0	0.000000	0.000000	0.000000
CRL2097_ActD_SerumStarved	UBC	130328	4	18	1	2171.739721	6336.171875	1940	1895	45	318.156250	43127268.000000	2118.027109	5	363	348	15	0	0.000000	0.000000	0.000000
CRL2097_ActD_SerumStarved	UBC	130328	4	19	1	1024.860673	2225.156250	1123	1058	65	289.015625	79711155.000000	4309.409904	1	95	84	11	1	1945.813698	3174.807278	1.827150
CRL2097_ActD_SerumStarved	UBC	130328	4	19	2	1555.007617	3011.812500	1469	1433	36	199.578125	38954423.000000	3049.747358	3	138	127	11	1	854.866480	1456.411687	0.869534
CRL2097_ActD_SerumStarved	UBC	130328	4	20	1	1356.695212	3835.093750	1729	1658	71	292.734375	78795770.000000	4205.805711	2	150	136	14	0	0.000000	0.000000	0.000000
CRL2097_ActD_SerumStarved	UBC	130328	4	21	1	1695.194132	3178.953125	1683	1637	46	243.250000	36234927.000000	2327.526143	3	308	294	14	0	0.000000	0.000000	0.000000
CRL2097_ActD_SerumStarved	UBC	130328	4	22	1	2653.986801	5325.343750	2717	2638	79	251.140625	39436255.000000	2453.571517	9	267	257	10	0	0.000000	0.000000	0.000000
CRL2097_ActD_SerumStarved	UBC	130328	4	23	1	1576.113088	4396.328125	1762	1684	78	351.312500	76530537.000000	3403.777664	4	249	225	24	0	0.000000	0.000000	0.000000
CRL2097_ActD_SerumStarved	UBC	130328	4	24	1	572.663125	1371.500000	795	734	61	158.750000	34400745.000000	3385.900098	2	75	65	10	0	0.000000	0.000000	0.000000
CRL2097_ActD_SerumStarved	UBC	130328	4	24	2	1422.058204	3554.765625	1465	1395	70	220.406250	38724229.000000	2745.231036	3	212	205	7	1	1048.766536	458.118502	0.238931
CRL2097_ActD_SerumStarved	UBC	130328	4	25	1	1402.948373	4098.453125	1917	1860	57	272.828125	32913247.000000	1884.957734	6	297	289	8	0	0.000000	0.000000	0.000000
CRL2097_ActD_SerumStarved	UBC	130328	4	26	1	1282.982217	3104.078125	1585	1498	87	189.859375	31782110.000000	2615.596247	1	118	111	7	0	0.000000	0.000000	0.000000
CRL2097_ActD_SerumStarved	UBC	130328	4	26	2	1925.316605	3096.781250	2533	2368	165	291.421875	66951511.000000	3589.700874	4	361	312	49	0	0.000000	0.000000	0.000000
CRL2097_ActD_SerumStarved	UBC	130328	4	27	1	702.848831	2099.656250	785	746	39	243.375000	36111333.000000	2318.395801	7	91	78	13	1	863.531590	1719.924725	1.004964
CRL2097_ActD_SerumStarved	UBC	130328	4	28	1	1268.303589	3495.812500	1723	1624	99	236.859375	31938176.000000	2106.878818	5	159	143	16	0	0.000000	0.000000	0.000000
CRL2097_ActD_SerumStarved	UBC	130328	4	29	1	1404.850549	4563.656250	1764	1681	83	275.062500	37444075.000000	2127.020848	3	171	166	5	1	1827.395203	1406.175024	0.742175
CRL2097_ActD_SerumStarved	UBC	130328	4	30	1	698.519471	1933.265625	1074	1021	53	174.359375	35526463.000000	3183.660095	4	118	112	6	0	0.000000	0.000000	0.000000
CRL2097_ActD_SerumStarved	UBC	130328	4	30	2	678.457981	2951.046875	916	881	35	234.187500	35625454.000000	2376.931812	1	64	64	0	0	0.000000	0.000000	0.000000
CRL2097_ActD_SerumStarved	UBC	130328	4	31	1	1396.413242	3414.093750	1400	1326	74	280.859375	36421418.000000	2026.226314	3	276	261	15	1	1320.209387	932.774544	0.451546
CRL2097_ActD_SerumStarved	UBC	130328	4	32	1	785.164126	4032.968750	923	872	51	222.609375	34240638.000000	2403.357760	4	236	229	7	0	0.000000	0.000000	0.000000
CRL2097_ActD_SerumStarved	UBC	130328	4	34	1	1412.874835	2428.312500	1499	1446	53	207.187500	35236190.000000	2657.329563	2	135	123	12	0	0.000000	0.000000	0.000000
CRL2097_ActD_SerumStarved	UBC	130328	4	35	1	1025.059427	3050.828125	1234	1175	59	186.531250	32504006.000000	2722.734629	3	123	114	9	0	0.000000	0.000000	0.000000
CRL2097_ActD_SerumStarved	UBC	130328	4	35	2	2272.340471	4941.671875	2115	2063	52	253.812500	36704943.000000	2259.600037	5	524	508	16	0	0.000000	0.000000	0.000000
CRL2097_ActD_SerumStarved	UBC	130328	4	36	1	782.594897	2151.546875	1346	1269	77	176.828125	27341872.000000	2416.000000	3	174	164	10	1	669.213659	902.401620	0.636214
CRL2097_ActD_SerumStarved	UBC	130403	0	1	1	1164.464231	1841.187500	883	806	77	217.906250	43281809.000000	3103.528539	3	342	297	45	2	1553.367445	2379.615731	1.386877
CRL2097_ActD_SerumStarved	UBC	130403	0	1	2	1124.399254	2998.421875	1306	1235	71	256.328125	41431864.000000	2525.563182	7	481	455	26	2	1863.192550	2257.348799	1.298621
CRL2097_ActD_SerumStarved	UBC	130403	0	2	1	1213.976581	2060.328125	1135	1045	90	220.296875	47030498.000000	3335.732889	4	449	421	28	2	1495.823298	1867.522178	1.003374
CRL2097_ActD_SerumStarved	UBC	130403	0	2	2	937.146093	2768.218750	825	768	57	218.265625	42071007.000000	3011.740783	4	324	302	22	2	2235.805221	1701.667827	0.976535
CRL2097_ActD_SerumStarved	UBC	130403	0	3	1	1014.560183	4017.890625	1227	1141	86	264.328125	44158861.000000	2610.324585	4	457	431	26	1	731.184331	1570.716935	0.769271
CRL2097_ActD_SerumStarved	UBC	130403	0	4	1	1997.700107	5211.078125	1913	1798	115	293.593750	49062297.000000	2611.085524	4	742	700	42	1	11401.999991	13026.453182	5.476242
CRL2097_ActD_SerumStarved	UBC	130403	0	5	1	1910.867742	3734.656250	1753	1580	173	329.750000	93910432.000000	4449.887794	1	742	703	39	3	6032.345019	5301.369032	2.189052
CRL2097_ActD_SerumStarved	UBC	130403	0	6	1	724.165545	1664.937500	717	633	84	175.250000	43093537.000000	3842.148449	2	337	294	43	1	2528.887369	1948.214899	0.746048
CRL2097_ActD_SerumStarved	UBC	130403	0	7	1	1208.716566	2165.828125	1085	990	95	222.453125	46456929.000000	3263.112243	1	388	365	23	2	4209.624555	3511.726484	1.286842
CRL2097_ActD_SerumStarved	UBC	130403	0	7	2	1897.861256	2262.953125	1456	1349	107	225.515625	42456508.000000	2941.627382	3	471	429	42	3	4516.198860	4478.974899	1.874658
CRL2097_ActD_SerumStarved	UBC	130403	0	8	1	1185.751628	2037.109375	595	518	77	214.156250	43165663.000000	3149.399022	6	288	254	34	1	2937.122810	1594.440988	0.617151
CRL2097_ActD_SerumStarved	UBC	130403	0	8	2	1639.833754	2468.500000	880	794	86	247.765625	49680712.000000	3133.046100	9	450	420	30	3	4396.568303	5001.607147	1.633254
CRL2097_ActD_SerumStarved	UBC	130403	0	15	1	2419.600354	4584.156250	1830	1604	226	266.640625	44605547.000000	2613.861529	3	868	811	57	2	6905.073808	5848.885780	2.371847
CRL2097_ActD_SerumStarved	UBC	130403	0	16	1	1376.699533	3022.250000	1026	914	112	239.000000	41599283.000000	2719.618397	16	446	406	40	4	1554.820086	1891.321226	0.797606
CRL2097_ActD_SerumStarved	UBC	130403	0	17	1	1474.876459	3371.984375	1054	968	86	204.656250	40849275.000000	3118.741411	1	309	292	17	2	2109.153403	2377.059539	0.944044
CRL2097_ActD_SerumStarved	UBC	130403	0	18	1	1651.828554	3916.125000	990	924	66	249.984375	38369891.000000	2398.268079	4	520	490	30	2	2841.515995	1931.032084	0.818530
CRL2097_ActD_SerumStarved	UBC	130403	0	19	1	1567.240032	3650.703125	752	693	59	249.906250	42777914.000000	2674.622608	3	488	464	24	3	1933.984766	2427.376431	1.047963
CRL2097_ActD_SerumStarved	UBC	130403	0	20	1	2461.463093	3911.593750	1333	1209	124	353.718750	47776859.000000	2110.471729	5	784	712	72	4	3030.507451	3128.074032	1.233567
CRL2097_ActD_SerumStarved	UBC	130403	0	21	1	1908.669462	2660.937500	1177	1076	101	230.406250	40955350.000000	2777.387088	2	535	483	52	1	1213.791984	2971.477455	1.312598
CRL2097_ActD_SerumStarved	UBC	130403	0	22	1	1247.494939	3311.921875	749	631	118	280.828125	40379029.000000	2246.649363	2	334	299	35	2	4726.998087	2423.192760	1.021660
CRL2097_ActD_SerumStarved	UBC	130403	0	23	1	1864.039193	3399.250000	1515	1394	121	215.796875	40763395.000000	2951.516545	3	435	414	21	4	2113.790676	2367.408158	0.926222
CRL2097_ActD_SerumStarved	UBC	130403	0	24	1	1294.430898	3808.031250	858	787	71	281.734375	40891114.000000	2267.822861	5	432	405	27	0	0.000000	0.000000	0.000000
CRL2097_ActD_SerumStarved	UBC	130403	0	25	1	1480.036924	3610.484375	1063	988	75	235.687500	40691856.000000	2697.683373	1	445	418	27	3	2045.483765	2701.131232	0.953337
CRL2097_ActD_SerumStarved	UBC	130403	0	26	1	2799.046564	3819.703125	2311	2101	210	251.296875	42824000.000000	2662.687310	6	623	584	39	1	1872.876134	1073.529254	2.745317
CRL2097_ActD_SerumStarved	UBC	130403	0	27	1	799.451329	2236.093750	881	813	68	231.984375	41904794.000000	2822.441840	2	321	298	23	1	3955.391194	2270.644039	1.064805
CRL2097_ActD_SerumStarved	UBC	130403	6	1	1	663.552764	1623.890625	476	436	40	243.281250	33180321.000000	2131.041811	1	24	23	1	0	0.000000	0.000000	0.000000
CRL2097_ActD_SerumStarved	UBC	130403	6	2	1	1654.165553	1560.437500	1427	1356	71	165.625000	34579528.000000	3262.219623	9	91	87	4	0	0.000000	0.000000	0.000000
CRL2097_ActD_SerumStarved	UBC	130403	6	2	2	1683.203633	1706.953125	1207	1157	50	173.000000	30442483.000000	2749.501716	12	65	62	3	0	0.000000	0.000000	0.000000
CRL2097_ActD_SerumStarved	UBC	130403	6	3	1	1430.808702	2356.765625	1161	1123	38	237.671875	32936896.000000	2165.334035	2	120	116	4	0	0.000000	0.000000	0.000000
CRL2097_ActD_SerumStarved	UBC	130403	6	3	2	2062.066765	4169.218750	1291	1240	51	266.656250	37719989.000000	2210.241943	6	113	109	4	0	0.000000	0.000000	0.000000
CRL2097_ActD_SerumStarved	UBC	130403	6	4	1	1326.985372	3943.343750	1059	1014	45	245.703125	36757601.000000	2337.526296	7	137	130	7	0	0.000000	0.000000	0.000000
CRL2097_ActD_SerumStarved	UBC	130403	6	5	1	867.031917	2675.046875	913	853	60	184.046875	28222898.000000	2396.035147	4	101	92	9	0	0.000000	0.000000	0.000000
CRL2097_ActD_SerumStarved	UBC	130403	6	6	1	1255.718769	3908.328125	1275	1228	47	239.687500	32919776.000000	2146.008866	7	89	86	3	0	0.000000	0.000000	0.000000
CRL2097_ActD_SerumStarved	UBC	130403	6	7	1	750.300870	2592.062500	795	773	22	205.218750	33358425.000000	2539.852672	4	72	68	4	0	0.000000	0.000000	0.000000
CRL2097_ActD_SerumStarved	UBC	130403	6	8	1	756.538016	2335.421875	1044	978	66	204.609375	33304699.000000	2543.314166	2	62	59	3	0	0.000000	0.000000	0.000000
CRL2097_ActD_SerumStarved	UBC	130403	6	9	1	1114.656576	2029.640625	1338	1308	30	185.359375	32651369.000000	2752.370311	3	262	251	11	0	0.000000	0.000000	0.000000
CRL2097_ActD_SerumStarved	UBC	130403	6	10	1	1453.772909	2441.078125	1249	1185	64	245.015625	37627932.000000	2399.587526	2	217	207	10	0	0.000000	0.000000	0.000000
CRL2097_ActD_SerumStarved	UBC	130403	6	11	1	2180.390232	3443.250000	1900	1849	51	228.859375	37136008.000000	2535.400287	3	236	226	10	0	0.000000	0.000000	0.000000
CRL2097_ActD_SerumStarved	UBC	130403	6	12	1	1417.533228	3610.421875	1286	1240	46	256.828125	35158442.000000	2138.981688	3	153	143	10	0	0.000000	0.000000	0.000000
CRL2097_ActD_SerumStarved	UBC	130403	6	13	1	1024.722934	3210.406250	961	929	32	233.046875	36088527.000000	2419.612940	3	125	121	4	0	0.000000	0.000000	0.000000
CRL2097_ActD_SerumStarved	UBC	130403	6	14	1	742.956648	2310.234375	905	865	40	236.046875	32153229.000000	2128.366254	3	68	56	12	1	1842.283801	942.982015	0.413198
CRL2097_ActD_SerumStarved	UBC	130403	6	15	1	1311.309463	2770.265625	1191	1143	48	229.218750	32297559.000000	2201.605930	8	128	124	4	1	833.970399	1089.631793	0.623332
CRL2097_ActD_SerumStarved	UBC	130403	6	16	1	948.347286	1615.390625	719	679	40	217.765625	30633983.000000	2198.032790	1	71	66	5	1	945.049565	1367.380816	0.826483
CRL2097_ActD_SerumStarved	UBC	130403	6	17	1	1067.491102	2379.203125	686	658	28	212.500000	30325347.000000	2229.804926	1	104	101	3	0	0.000000	0.000000	0.000000
CRL2097_ActD_SerumStarved	UBC	130403	6	18	1	1686.755056	2707.250000	1048	1001	47	246.140625	27936108.000000	1773.383356	2	124	116	8	0	0.000000	0.000000	0.000000
CRL2097_ActD_SerumStarved	UBC	130403	6	19	1	999.910635	2140.062500	929	885	44	193.343750	30528198.000000	2467.124455	4	89	85	4	0	0.000000	0.000000	0.000000
CRL2097_ActD_SerumStarved	UBC	130403	6	20	1	1941.980767	3083.015625	1532	1459	73	251.765625	31675261.000000	1965.820207	2	204	195	9	0	0.000000	0.000000	0.000000
CRL2097_ActD_SerumStarved	UBC	130403	6	21	1	720.610779	2518.078125	678	658	20	220.562500	31606105.000000	2239.026991	13	50	48	2	0	0.000000	0.000000	0.000000
CRL2097_ActD_SerumStarved	UBC	130403	6	23	1	749.329311	2301.781250	686	642	44	219.937500	28703077.000000	2039.150114	3	61	58	3	1	1733.147990	1065.784872	0.563425
CRL2097_ActD_SerumStarved	UBC	130403	6	24	1	1991.661320	2834.750000	1756	1698	58	223.546875	29235364.000000	2043.430768	6	216	207	9	0	0.000000	0.000000	0.000000
CRL2097_ActD_SerumStarved	UBC	130403	6	25	1	1508.043363	2452.531250	1359	1287	72	220.359375	29487203.000000	2090.846132	6	141	134	7	0	0.000000	0.000000	0.000000
CRL2097_ActD_SerumStarved	UBC	130403	6	26	1	1869.375343	5246.859375	1564	1526	38	277.437500	31173217.000000	1755.644120	8	277	270	7	0	0.000000	0.000000	0.000000
CRL2097_ActD_SerumStarved	UBC	130403	6	27	1	1507.620126	2964.906250	1370	1311	59	211.609375	26342796.000000	1945.122646	4	164	158	6	0	0.000000	0.000000	0.000000
CRL2097_ActD_SerumStarved	UBC	130403	6	28	1	3285.440860	3683.421875	2485	2404	81	288.171875	30107878.000000	1632.482676	4	390	379	11	0	0.000000	0.000000	0.000000
CRL2097_ActD_SerumStarved	UBC	130403	6	29	1	817.965444	3193.968750	970	934	36	221.312500	33537008.000000	2367.763909	3	84	78	6	0	0.000000	0.000000	0.000000
CRL2097_ActD_SerumStarved	UBC	130403	6	30	1	2692.795849	3738.703125	1540	1471	69	317.562500	32186003.000000	1583.645099	7	200	197	3	0	0.000000	0.000000	0.000000
CRL2097_ActD_SerumStarved	UBC	130403	6	31	1	1088.650136	2936.171875	789	751	38	231.750000	30431382.000000	2051.738269	3	102	96	6	1	1413.772042	921.611567	0.459901
CRL2097_ActD_SerumStarved	UBC	130403	6	32	1	1798.292055	3279.296875	1352	1293	59	236.500000	29012003.000000	1916.754955	4	204	199	5	0	0.000000	0.000000	0.000000
CRL2097_ActD_SerumStarved	UBC	130403	6	33	1	1326.654242	2493.234375	1067	1030	37	217.078125	29883071.000000	2150.944432	4	96	93	3	0	0.000000	0.000000	0.000000
CRL2097_ActD_SerumStarved	UBC	130403	6	34	1	1082.519418	2191.921875	782	755	27	208.484375	27116835.000000	2032.289215	1	67	63	4	0	0.000000	0.000000	0.000000
CRL2097_ActD_SerumStarved	UBC	130403	6	34	2	1794.729014	2735.343750	1569	1512	57	245.093750	29712749.000000	1894.220898	4	212	201	11	0	0.000000	0.000000	0.000000
CRL2097_ActD_SerumStarved	UBC	130403	6	35	1	2083.293921	2523.171875	1507	1406	101	281.375000	29358285.000000	1630.291259	7	146	139	7	1	1586.760132	1284.443462	0.598910
CRL2097_ActD_SerumStarved	UBC	130403	6	36	1	648.943059	1991.875000	744	715	29	244.515625	31517798.000000	2014.045498	5	54	53	1	0	0.000000	0.000000	0.000000
CRL2097_ActD_SerumStarved	UBC	130403	6	37	1	1747.276107	2730.812500	1024	981	43	244.171875	27049326.000000	1730.935304	5	110	104	6	0	0.000000	0.000000	0.000000
CRL2097_ActD_SerumStarved	ZNF444	130404	0	1	1	1266.307075	3269.734375	976	911	65	205.500000	35145845.000000	2672.281402	2	9	8	1	0	0.000000	0.000000	0.000000
CRL2097_ActD_SerumStarved	ZNF444	130404	0	2	1	2017.232251	4473.937500	1267	1163	104	304.062500	77547401.000000	3984.964080	1	17	13	4	0	0.000000	0.000000	0.000000
CRL2097_ActD_SerumStarved	ZNF444	130404	0	3	1	1984.525039	2891.687500	1537	1417	120	218.906250	40892520.000000	2918.809422	7	19	16	3	2	573.297291	889.917422	1.360639
CRL2097_ActD_SerumStarved	ZNF444	130404	0	4	1	895.041428	2388.718750	730	659	71	195.562500	40473151.000000	3233.712927	6	9	5	4	0	0.000000	0.000000	0.000000
CRL2097_ActD_SerumStarved	ZNF444	130404	0	5	1	1432.000322	3055.937500	1096	1016	80	206.765625	40048702.000000	3026.426509	4	16	11	5	1	575.285641	582.694246	0.710517
CRL2097_ActD_SerumStarved	ZNF444	130404	0	8	1	1627.601636	3482.078125	1316	1216	100	197.343750	37644854.000000	2980.590182	5	35	24	11	2	549.826435	515.685292	0.864943
CRL2097_ActD_SerumStarved	ZNF444	130404	0	9	1	2114.928636	4067.531250	1436	1315	121	264.515625	42870412.000000	2532.365290	5	13	10	3	1	648.452848	978.806420	1.071576
CRL2097_ActD_SerumStarved	ZNF444	130404	0	10	1	2244.638730	2407.156250	1837	1653	184	268.468750	41735294.000000	2429.012571	4	14	9	5	0	0.000000	0.000000	0.000000
CRL2097_ActD_SerumStarved	ZNF444	130404	0	11	1	1567.691166	3898.453125	1279	1198	81	204.609375	38143207.000000	2912.806949	2	41	33	8	3	590.167904	769.651145	1.143308
CRL2097_ActD_SerumStarved	ZNF444	130404	0	12	1	1313.244323	3060.546875	781	690	91	248.546875	80121897.000000	5036.895518	3	8	4	4	0	0.000000	0.000000	0.000000
CRL2097_ActD_SerumStarved	ZNF444	130404	0	13	1	959.472444	1905.703125	757	652	105	208.093750	36406029.000000	2733.595810	3	3	2	1	0	0.000000	0.000000	0.000000
CRL2097_ActD_SerumStarved	ZNF444	130404	0	14	1	2074.608126	3803.734375	1210	1039	171	288.875000	40960137.000000	2215.498540	8	19	15	4	0	0.000000	0.000000	0.000000
CRL2097_ActD_SerumStarved	ZNF444	130404	0	15	1	2283.800347	5247.218750	1673	1495	178	290.187500	40993057.000000	2207.250538	7	15	9	6	1	495.577073	733.319585	0.853931
CRL2097_ActD_SerumStarved	ZNF444	130404	0	16	1	1266.069068	2847.609375	1156	1033	123	214.546875	39530427.000000	2878.918287	3	6	5	1	1	532.131879	785.329709	0.865611
CRL2097_ActD_SerumStarved	ZNF444	130404	0	17	1	3963.416907	5942.875000	2467	2295	172	337.093750	43031493.000000	1994.599657	6	31	15	16	2	478.140543	665.495924	0.978987
CRL2097_ActD_SerumStarved	ZNF444	130404	0	18	1	2140.692679	4733.218750	1450	1311	139	408.640625	84384040.000000	3226.552977	14	35	21	14	2	634.026248	716.815834	0.796587
CRL2097_ActD_SerumStarved	ZNF444	130404	0	19	1	2107.086914	3702.203125	1432	1332	100	218.265625	37582259.000000	2690.404395	4	14	8	6	2	601.067450	845.229472	0.862831
CRL2097_ActD_SerumStarved	ZNF444	130404	0	20	1	1813.295159	3188.640625	1813	1687	126	219.093750	41760935.000000	2978.243831	8	14	10	4	1	525.451980	581.767368	0.736449
CRL2097_ActD_SerumStarved	ZNF444	130404	0	21	1	1533.738533	1779.484375	1517	1337	180	225.453125	42923580.000000	2974.813223	1	12	8	4	1	566.962383	511.405254	0.600574
CRL2097_ActD_SerumStarved	ZNF444	130404	0	22	1	1479.247414	2699.781250	1163	1047	116	243.281250	45599772.000000	2928.694412	3	17	11	6	3	732.825972	978.373974	1.046270
CRL2097_ActD_SerumStarved	ZNF444	130404	0	23	1	802.703737	2551.578125	819	750	69	230.046875	44116453.000000	2996.430958	3	12	7	5	2	704.795325	644.472989	0.686373
CRL2097_ActD_SerumStarved	ZNF444	130404	0	24	1	1137.723934	2406.640625	693	603	90	224.484375	45322709.000000	3154.639730	4	16	11	5	1	736.221006	746.653552	0.549542
CRL2097_ActD_SerumStarved	ZNF444	130404	0	24	2	1483.882586	3112.750000	890	762	128	308.750000	46002176.000000	2328.045344	6	9	5	4	1	762.072999	723.650932	0.698232
CRL2097_ActD_SerumStarved	ZNF444	130404	0	24	3	1787.617378	3677.234375	1268	1168	100	233.437500	42231145.000000	2826.716533	4	18	15	3	1	511.196559	712.918732	0.876744
CRL2097_ActD_SerumStarved	ZNF444	130404	0	25	1	1522.969426	3453.875000	1304	1193	111	246.546875	40859731.000000	2589.500665	3	14	12	2	0	0.000000	0.000000	0.000000
CRL2097_ActD_SerumStarved	ZNF444	130404	0	26	1	2136.708009	6442.234375	2008	1884	124	274.015625	40867954.000000	2330.384558	7	23	15	8	1	688.577321	390.011684	0.519999
CRL2097_ActD_SerumStarved	ZNF444	130404	0	27	1	1524.251154	2063.828125	744	662	82	240.046875	37394922.000000	2434.089826	2	16	10	6	3	797.456571	539.027657	0.775058
CRL2097_ActD_SerumStarved	ZNF444	130404	0	28	1	1918.019146	2675.640625	1040	909	131	276.203125	38190736.000000	2160.476099	5	11	8	3	2	543.595614	778.202136	1.000122
CRL2097_ActD_SerumStarved	ZNF444	130404	0	29	1	1606.471025	2590.093750	1087	976	111	222.984375	38812273.000000	2719.660360	8	8	4	4	1	599.096616	501.994482	0.490831
CRL2097_ActD_SerumStarved	ZNF444	130404	0	30	1	1647.971205	2168.468750	1314	1211	103	224.328125	35589138.000000	2478.870098	3	10	5	5	2	484.873143	672.460280	1.409640
CRL2097_ActD_SerumStarved	ZNF444	130404	0	30	2	1920.896189	2994.703125	1407	1281	126	214.125000	37206587.000000	2715.016565	15	20	12	8	2	504.474088	565.047142	0.802696
CRL2097_ActD_SerumStarved	ZNF444	130404	0	31	1	3463.938902	5201.796875	2150	2008	142	302.390625	36765975.000000	1899.755852	10	28	19	9	2	616.208059	569.965937	0.853673
CRL2097_ActD_SerumStarved	ZNF444	130404	0	32	1	2459.804413	2855.109375	2372	2230	142	273.875000	63690123.000000	3633.621805	256	14	14	0	0	0.000000	0.000000	0.000000
CRL2097_ActD_SerumStarved	ZNF444	130404	0	32	2	4111.858917	6059.031250	3216	3005	211	266.703125	39131749.000000	2292.562482	10	26	21	5	1	431.878823	367.179062	0.430457
CRL2097_ActD_SerumStarved	ZNF444	130404	0	33	1	3629.230930	6147.718750	2919	2790	129	296.265625	43374516.000000	2287.564791	9	26	17	9	1	656.690112	505.967610	0.663836
CRL2097_ActD_SerumStarved	ZNF444	130404	0	35	1	1408.308275	4422.718750	1217	1137	80	233.171875	40075691.000000	2685.498291	7	23	19	4	2	521.293228	786.649317	1.169948
CRL2097_ActD_SerumStarved	ZNF444	130404	6	1	1	1429.301941	3171.015625	1062	1000	62	263.859375	53007339.000000	3138.943507	4	5	3	2	1	636.478027	798.226669	1.112047
CRL2097_ActD_SerumStarved	ZNF444	130404	6	2	1	2832.471899	5592.312500	1810	1743	67	274.515625	48938041.000000	2785.476749	3	11	9	2	1	621.397420	864.783673	1.225766
CRL2097_ActD_SerumStarved	ZNF444	130404	6	3	1	1716.332278	2691.640625	1558	1488	70	255.968750	44527639.000000	2718.083201	3	20	15	5	0	0.000000	0.000000	0.000000
CRL2097_ActD_SerumStarved	ZNF444	130404	6	3	2	1033.646939	2016.265625	1027	968	59	228.281250	49411270.000000	3382.017112	3	5	4	1	0	0.000000	0.000000	0.000000
CRL2097_ActD_SerumStarved	ZNF444	130404	6	4	1	3233.668155	4998.281250	2859	2779	80	309.968750	50970294.000000	2569.326243	6	19	18	1	1	558.557217	605.648836	0.857489
CRL2097_ActD_SerumStarved	ZNF444	130404	6	5	1	1341.880535	2709.953125	1015	954	61	266.484375	45719380.000000	2680.702433	2	20	19	1	0	0.000000	0.000000	0.000000
CRL2097_ActD_SerumStarved	ZNF444	130404	6	6	1	3337.471807	5990.718750	2457	2352	105	304.843750	47193980.000000	2418.963608	6	23	20	3	0	0.000000	0.000000	0.000000
CRL2097_ActD_SerumStarved	ZNF444	130404	6	7	1	2802.016716	5810.953125	2286	2204	82	255.656250	41598926.000000	2542.410830	5	9	8	1	0	0.000000	0.000000	0.000000
CRL2097_ActD_SerumStarved	ZNF444	130404	6	8	1	1882.972451	4555.812500	1726	1673	53	218.859375	45097355.000000	3219.629828	4	12	9	3	1	405.473406	525.835192	0.336834
CRL2097_ActD_SerumStarved	ZNF444	130404	6	9	1	2127.262389	4109.640625	1746	1635	111	309.468750	50131234.000000	2531.113501	9	24	18	6	1	569.548126	898.120547	1.356965
CRL2097_ActD_SerumStarved	ZNF444	130404	6	10	1	1910.382644	4215.312500	1480	1405	75	229.437500	45161459.000000	3075.555639	7	30	26	4	0	0.000000	0.000000	0.000000
CRL2097_ActD_SerumStarved	ZNF444	130404	6	12	1	2290.007603	5103.562500	2023	1953	70	275.656250	47163897.000000	2673.387201	7	15	9	6	0	0.000000	0.000000	0.000000
CRL2097_ActD_SerumStarved	ZNF444	130404	6	13	1	1367.933576	3090.640625	1362	1290	72	237.328125	50718541.000000	3339.162618	7	15	12	3	0	0.000000	0.000000	0.000000
CRL2097_ActD_SerumStarved	ZNF444	130404	6	13	2	998.785829	3301.781250	1122	1079	43	227.734375	43998558.000000	3018.768988	7	4	2	2	0	0.000000	0.000000	0.000000
CRL2097_ActD_SerumStarved	ZNF444	130404	6	14	1	2147.734536	5115.937500	1606	1568	38	296.343750	45355994.000000	2391.436993	5	8	7	1	0	0.000000	0.000000	0.000000
CRL2097_ActD_SerumStarved	ZNF444	130404	6	15	2	844.648551	1981.828125	798	752	46	185.375000	44559314.000000	3755.842380	6	9	7	2	0	0.000000	0.000000	0.000000
CRL2097_ActD_SerumStarved	ZNF444	130404	6	16	1	843.411827	2541.593750	1182	1135	47	180.031250	40365314.000000	3503.325291	3	9	7	2	0	0.000000	0.000000	0.000000
CRL2097_ActD_SerumStarved	ZNF444	130404	6	17	1	2473.589609	4107.531250	1692	1609	83	300.015625	47160030.000000	2456.123639	3	10	7	3	0	0.000000	0.000000	0.000000
CRL2097_ActD_SerumStarved	ZNF444	130404	6	18	1	918.016592	2221.609375	907	822	85	235.687500	45981689.000000	3048.375033	2	9	6	3	0	0.000000	0.000000	0.000000
CRL2097_ActD_SerumStarved	ZNF444	130404	6	19	1	1577.359807	4465.171875	1452	1395	57	268.390625	49239738.000000	2866.608721	10	10	9	1	1	548.520632	757.500178	1.041906
CRL2097_ActD_SerumStarved	ZNF444	130404	6	20	1	830.661379	2130.937500	872	817	55	194.765625	45779048.000000	3672.607140	3	4	1	3	1	609.593446	583.112897	0.436671
CRL2097_ActD_SerumStarved	ZNF444	130404	6	21	1	1240.556074	2913.750000	1141	1093	48	212.781250	44269675.000000	3250.820605	4	6	4	2	0	0.000000	0.000000	0.000000
CRL2097_ActD_SerumStarved	ZNF444	130404	6	22	1	1352.799483	3049.375000	1206	1126	80	215.906250	46476287.000000	3363.459763	4	4	3	1	0	0.000000	0.000000	0.000000
CRL2097_ActD_SerumStarved	ZNF444	130404	6	23	1	783.181654	2051.890625	1005	952	53	167.687500	44779802.000000	4172.549571	4	5	3	2	1	525.882170	980.382510	0.935398
CRL2097_ActD_SerumStarved	ZNF444	130404	6	24	1	1025.471918	3321.671875	860	843	17	242.703125	44082175.000000	2837.969162	3	11	10	1	0	0.000000	0.000000	0.000000
CRL2097_ActD_SerumStarved	ZNF444	130404	6	25	1	943.874789	2812.453125	886	851	35	231.421875	46143623.000000	3115.496793	2	11	8	3	1	439.715920	838.711009	0.796677
CRL2097_ActD_SerumStarved	ZNF444	130404	6	26	1	2877.012943	5425.328125	1529	1483	46	228.281250	44945376.000000	3076.343326	5	9	6	3	0	0.000000	0.000000	0.000000
CRL2097_ActD_SerumStarved	ZNF444	130404	6	27	1	1647.258168	3617.484375	1346	1287	59	318.796875	46861161.000000	2296.777974	5	16	13	3	0	0.000000	0.000000	0.000000
CRL2097_ActD_SerumStarved	ZNF444	130404	6	28	1	1927.390287	3311.625000	1392	1354	38	269.468750	44385508.000000	2573.669721	7	10	7	3	0	0.000000	0.000000	0.000000
CRL2097_ActD_SerumStarved	ZNF444	130404	6	29	1	733.003119	3443.062500	793	760	33	233.203125	46877409.000000	3140.864925	2	17	15	2	0	0.000000	0.000000	0.000000
CRL2097_ActD_SerumStarved	ZNF444	130404	6	30	1	1473.241953	4006.640625	1257	1215	42	237.312500	42966745.000000	2828.992955	2	10	8	2	0	0.000000	0.000000	0.000000
CRL2097_ActD_SerumStarved	ZNF444	130404	6	31	1	997.943450	3040.578125	936	885	51	212.968750	43989028.000000	3227.368158	1	9	5	4	0	0.000000	0.000000	0.000000
CRL2097_ActD_SerumStarved	ZNF444	130404	6	32	1	2124.776577	4701.640625	1765	1709	56	228.312500	43866661.000000	3002.098344	4	7	4	3	0	0.000000	0.000000	0.000000
CRL2097_ActD_SerumStarved	ZNF444	130404	6	34	1	1788.527726	3733.781250	1578	1469	109	298.843750	88332402.000000	4618.446199	2	9	9	0	0	0.000000	0.000000	0.000000
CRL2097_ActD_SerumStarved	GAS6	130710	0	1	1	1218.253936	2691.375000	1835	1594	241	299.671875	67526055.000000	3520.832942	4	1118	830	288	3	3856.354531	1496.891287	1.193219
CRL2097_ActD_SerumStarved	GAS6	130710	0	2	1	2365.188762	3753.703125	3356	3015	341	301.250000	58594079.000000	3039.111981	333	1078	874	204	2	2495.356114	1078.465242	0.876520
CRL2097_ActD_SerumStarved	GAS6	130710	0	3	1	2167.125635	4634.359375	1951	1764	187	273.343750	29322744.000000	1676.160055	6	943	794	149	2	6731.296205	3611.187275	2.512561
CRL2097_ActD_SerumStarved	GAS6	130710	0	4	1	2302.069985	2861.312500	2332	2148	184	319.031250	48419546.000000	2371.414732	171	1222	931	291	3	6360.292595	3071.575539	2.353449
CRL2097_ActD_SerumStarved	GAS6	130710	0	5	1	831.581677	1846.187500	993	857	136	202.046875	22757826.000000	1759.943237	3	764	593	171	2	8169.863698	3215.350337	2.522512
CRL2097_ActD_SerumStarved	GAS6	130710	0	6	1	2229.032840	4118.156250	2974	2694	280	278.000000	25682521.000000	1443.487017	7	741	612	129	1	21370.887363	8558.359447	6.539997
CRL2097_ActD_SerumStarved	GAS6	130710	0	7	1	800.258278	1711.390625	1518	1217	301	306.312500	48392956.000000	2468.524587	3	877	654	223	2	8502.714992	3868.793766	2.999555
CRL2097_ActD_SerumStarved	GAS6	130710	0	8	1	2810.475250	2807.890625	3295	2951	344	382.453125	47702458.000000	1948.868652	5	2110	1650	460	1	13471.587209	4903.982733	3.934000
CRL2097_ActD_SerumStarved	GAS6	130710	0	9	1	1494.628102	4250.656250	2104	1929	175	292.531250	23881223.000000	1275.570078	7	1339	1201	138	2	9395.740837	4013.239924	2.620417
CRL2097_ActD_SerumStarved	GAS6	130710	0	10	1	2543.999256	3641.953125	2018	1895	123	293.265625	25182710.000000	1341.718259	10	1254	1064	190	3	7176.405899	3372.021835	2.424840
CRL2097_ActD_SerumStarved	GAS6	130710	0	12	1	1074.944844	2667.734375	1225	1107	118	238.156250	24312235.000000	1595.081682	4	716	568	148	1	10124.184599	4469.517798	3.040515
CRL2097_ActD_SerumStarved	GAS6	130710	0	13	1	1509.818225	2887.265625	1788	1580	208	264.000000	23588984.000000	1396.128314	4	840	657	183	2	5959.084593	3569.670140	2.329708
CRL2097_ActD_SerumStarved	GAS6	130710	0	14	1	2957.495015	4755.015625	3081	2637	444	421.343750	46557479.000000	1726.525217	3	1791	1460	331	2	11131.220613	6209.017775	4.332177
CRL2097_ActD_SerumStarved	GAS6	130710	0	15	1	2437.957724	3053.937500	2562	2313	249	279.609375	21602539.000000	1207.182956	5	1314	1075	239	1	21760.217793	6121.474424	4.253510
CRL2097_ActD_SerumStarved	GAS6	130710	0	16	1	1657.302419	3063.109375	2040	1877	163	256.859375	23097540.000000	1405.045319	3	779	601	178	1	9109.996396	4889.299720	3.824618
CRL2097_ActD_SerumStarved	GAS6	130710	0	17	1	1265.311985	2505.203125	1462	1343	119	204.890625	22336428.000000	1703.380462	3	429	315	114	1	9652.404351	5191.964502	4.234562
CRL2097_ActD_SerumStarved	GAS6	130710	0	18	1	1688.106966	3049.343750	1970	1818	152	215.703125	21253007.000000	1539.515176	5	1086	860	226	2	15777.182958	8545.260263	6.579699
CRL2097_ActD_SerumStarved	GAS6	130710	0	19	1	1393.228278	2642.343750	1224	1084	140	289.875000	22320779.000000	1203.146777	4	967	809	158	1	11066.808975	6008.076330	4.157590
CRL2097_ActD_SerumStarved	GAS6	130710	0	20	1	2452.148971	4482.687500	2860	2680	180	268.312500	22327847.000000	1300.247321	5	1431	1173	258	1	23764.441219	10530.755285	6.776619
CRL2097_ActD_SerumStarved	GAS6	130710	0	21	1	2731.369282	5112.593750	3195	2949	246	350.750000	45557559.000000	2029.470732	72	1092	843	249	4	6659.232604	3309.934412	2.411723
CRL2097_ActD_SerumStarved	GAS6	130710	0	22	1	1378.513257	2839.656250	1819	1642	177	243.359375	23469473.000000	1506.868250	1	1165	903	262	2	15414.063177	6259.792825	4.158985
CRL2097_ActD_SerumStarved	GAS6	130710	0	23	1	1717.491396	3625.843750	1529	1392	137	281.375000	23995571.000000	1332.495058	7	726	540	186	1	7468.162448	3467.329349	2.308898
CRL2097_ActD_SerumStarved	GAS6	130710	0	24	1	1335.343269	2827.046875	1523	1361	162	238.359375	22746750.000000	1491.101278	2	594	501	93	2	9388.533051	4350.818588	2.805558
CRL2097_ActD_SerumStarved	GAS6	130710	0	25	1	1945.301132	3821.484375	2303	2092	211	304.890625	44841120.000000	2298.012607	1	1183	889	294	2	17824.895949	7971.202354	4.934313
CRL2097_ActD_SerumStarved	GAS6	130710	0	27	1	1954.288322	3823.078125	2221	2017	204	259.828125	22463902.000000	1350.887125	5	1261	982	279	2	12436.093655	4727.201602	3.229254
CRL2097_ActD_SerumStarved	GAS6	130710	0	28	1	873.484183	2144.218750	1061	958	103	202.750000	23041230.000000	1775.680487	3	845	627	218	1	9809.589485	4795.372418	2.950050
CRL2097_ActD_SerumStarved	GAS6	130710	0	29	1	1332.498944	3032.078125	1547	1356	191	248.578125	22805315.000000	1433.485134	1	594	499	95	2	5168.541104	2574.614920	1.814204
CRL2097_ActD_SerumStarved	GAS6	130710	0	30	1	1788.263578	4859.390625	2311	2137	174	274.015625	23862127.000000	1360.673262	3	2308	1966	342	2	15361.569608	6752.994053	4.356773
CRL2097_ActD_SerumStarved	GAS6	130710	4	1	1	2205.492831	3643.093750	1926	1858	68	281.718750	19933422.000000	1105.569717	8	999	913	86	1	2368.061566	1334.268691	1.247441
CRL2097_ActD_SerumStarved	GAS6	130710	4	2	1	841.752529	2696.265625	1209	1150	59	237.281250	19744198.000000	1300.157909	2	670	565	105	6	2337.170229	1089.733977	0.822625
CRL2097_ActD_SerumStarved	GAS6	130710	4	3	1	1690.957955	3051.406250	2654	2497	157	349.609375	38050292.000000	1700.571709	1	880	722	158	2	2599.425971	1289.938833	0.924091
CRL2097_ActD_SerumStarved	GAS6	130710	4	4	1	1072.304556	2629.187500	1348	1234	114	236.406250	18604966.000000	1229.673893	4	932	733	199	2	2552.127025	994.266442	0.744025
CRL2097_ActD_SerumStarved	GAS6	130710	4	5	1	1258.230085	2618.359375	1257	1164	93	207.828125	18780966.000000	1411.996542	2	362	316	46	1	3453.064651	1974.519120	1.444427
CRL2097_ActD_SerumStarved	GAS6	130710	4	6	1	767.490322	1485.843750	1112	1048	64	153.218750	17309113.000000	1765.155313	2	214	165	49	1	2187.320603	795.097498	0.706100
CRL2097_ActD_SerumStarved	GAS6	130710	4	6	2	1577.840256	2371.343750	1874	1771	103	216.484375	18184255.000000	1312.468784	2	1190	967	223	2	2283.836502	945.032255	0.741713
CRL2097_ActD_SerumStarved	GAS6	130710	4	6	3	445.018236	783.234375	868	773	95	133.937500	16567240.000000	1932.715819	2	196	143	53	1	2472.735330	459.105433	0.353795
CRL2097_ActD_SerumStarved	GAS6	130710	4	7	1	760.709126	1703.562500	1139	1004	135	172.000000	17124769.000000	1555.665789	3	376	289	87	1	2289.744706	668.835892	0.531604
CRL2097_ActD_SerumStarved	GAS6	130710	4	8	1	730.220488	2608.546875	906	851	55	193.312500	18282736.000000	1477.751051	4	339	276	63	2	1831.099539	1088.938229	0.831442
CRL2097_ActD_SerumStarved	GAS6	130710	4	9	1	1373.043988	3100.234375	2149	2029	120	308.656250	36400293.000000	1842.679609	2	1009	836	173	2	2049.644583	878.404454	0.653368
CRL2097_ActD_SerumStarved	GAS6	130710	4	10	1	1003.713373	2384.953125	1040	969	71	213.937500	18212607.000000	1330.164110	1	342	277	65	1	2323.010816	439.678237	0.343295
CRL2097_ActD_SerumStarved	GAS6	130710	4	11	1	1007.210978	2985.265625	1655	1512	143	215.968750	17358730.000000	1255.876863	2	637	496	141	0	0.000000	0.000000	0.000000
CRL2097_ActD_SerumStarved	GAS6	130710	4	12	1	2934.334916	8338.375000	2809	2670	139	341.359375	19754159.000000	904.204651	8	2199	2008	191	2	2539.103423	1182.599903	0.841682
CRL2097_ActD_SerumStarved	GAS6	130710	4	13	1	1766.166059	3268.843750	2380	2212	168	305.562500	37050915.000000	1894.606003	6	845	706	139	1	2077.132047	1006.710396	0.740226
CRL2097_ActD_SerumStarved	GAS6	130710	4	15	1	2124.442910	5314.156250	2618	2513	105	255.687500	19923603.000000	1217.526461	3	1148	949	199	3	1802.060290	1087.241110	0.566310
CRL2097_ActD_SerumStarved	GAS6	130710	4	16	1	1479.375749	2697.421875	2053	1873	180	343.750000	37483525.000000	1703.796591	2	1046	892	154	6	2866.137345	1213.730361	0.792789
CRL2097_ActD_SerumStarved	GAS6	130710	4	17	1	4608.048521	8445.281250	4415	4130	285	421.531250	37849305.000000	1402.969271	5	2099	1774	325	2	2865.413254	1070.575174	0.913000
CRL2097_ActD_SerumStarved	GAS6	130710	4	18	1	2492.080591	3625.562500	2463	2355	108	313.703125	33886641.000000	1687.833890	2	551	413	138	4	2620.182964	1303.441805	1.106421
CRL2097_ActD_SerumStarved	GAS6	130710	4	19	1	805.084106	1444.390625	1339	1156	183	175.328125	16948546.000000	1510.430978	2	438	297	141	2	2332.019227	1089.193174	0.894824
CRL2097_ActD_SerumStarved	GAS6	130710	4	20	1	1364.202082	2827.640625	1612	1558	54	235.343750	18439427.000000	1224.234962	1	937	730	207	6	2645.305100	1117.300121	0.841623
CRL2097_ActD_SerumStarved	GAS6	130710	4	21	1	1251.640848	3294.328125	1402	1314	88	218.906250	19306894.000000	1378.079515	1	876	765	111	2	2217.200299	849.188389	0.712950
CRL2097_ActD_SerumStarved	GAS6	130710	4	22	1	1645.887046	3955.843750	1656	1563	93	351.812500	37108804.000000	1648.108190	5	889	689	200	4	1911.270068	929.405708	0.831879
CRL2097_ActD_SerumStarved	GAS6	130710	4	23	1	1222.771282	2130.671875	1388	1274	114	286.343750	34022395.000000	1856.509604	4	208	161	47	0	0.000000	0.000000	0.000000
CRL2097_ActD_SerumStarved	GAS6	130710	4	24	1	903.759642	2673.671875	1820	1727	93	253.875000	33135997.000000	2039.389279	2	311	267	44	0	0.000000	0.000000	0.000000
CRL2097_ActD_SerumStarved	GAS6	130710	4	25	1	1024.632301	2157.109375	1253	1150	103	199.718750	17222148.000000	1347.375059	2	689	550	139	1	3763.838647	892.317289	0.729494
CRL2097_ActD_SerumStarved	GAS6	130710	4	26	1	1296.575793	2090.734375	1917	1761	156	234.437500	17147769.000000	1142.879832	1	1050	873	177	4	2588.554155	901.441156	0.774990
CRL2097_ActD_SerumStarved	GAS6	130710	4	27	1	1228.985160	1640.468750	1402	1305	97	205.687500	17350326.000000	1318.013218	6	367	284	83	2	1862.391520	729.175714	0.557239
CRL2097_ActD_SerumStarved	GAS6	130710	4	29	1	1104.467539	5374.781250	1563	1501	62	269.750000	19700218.000000	1141.115500	1	1056	937	119	0	0.000000	0.000000	0.000000
CRL2097_ActD_SerumStarved	KDM5A	130711	0	1	1	1324.623835	3292.953125	1536	1421	115	233.593750	32130620.000000	2149.205351	4	14	8	6	1	4032.753743	1124.412238	0.641693
CRL2097_ActD_SerumStarved	KDM5A	130711	0	2	1	2508.153191	5959.937500	1721	1549	172	455.625000	64424407.000000	2209.341804	8	35	20	15	5	3746.060228	2387.810138	1.712943
CRL2097_ActD_SerumStarved	KDM5A	130711	0	3	1	2534.276521	5904.718750	2148	1990	158	308.765625	29442945.000000	1489.952179	6	18	15	3	1	6098.000648	3183.969066	2.365630
CRL2097_ActD_SerumStarved	KDM5A	130711	0	4	1	1953.599700	3395.562500	2587	2362	225	308.750000	55230364.000000	2795.058907	11	18	13	5	3	5502.554010	1191.546738	0.851561
CRL2097_ActD_SerumStarved	KDM5A	130711	0	5	1	768.459297	2288.343750	1066	943	123	216.500000	26951568.000000	1945.118938	2	11	3	8	0	0.000000	0.000000	0.000000
CRL2097_ActD_SerumStarved	KDM5A	130711	0	7	1	1151.952686	3372.140625	1012	881	131	267.593750	27490460.000000	1605.188602	3	11	4	7	2	4036.834891	1259.391801	0.952390
CRL2097_ActD_SerumStarved	KDM5A	130711	0	8	1	2688.250599	4285.687500	2291	2087	204	364.437500	55415542.000000	2375.902161	10	30	22	8	4	3817.908320	1264.317305	0.953844
CRL2097_ActD_SerumStarved	KDM5A	130711	0	9	1	1049.425539	2271.265625	1464	1265	199	188.359375	25002463.000000	2074.032601	5	11	5	6	1	3292.104589	933.693380	0.600556
CRL2097_ActD_SerumStarved	KDM5A	130711	0	10	1	2916.391778	4364.703125	2765	2572	193	338.703125	30279834.000000	1396.864603	7	30	23	7	2	3571.788187	880.591822	0.597250
CRL2097_ActD_SerumStarved	KDM5A	130711	0	11	1	926.992509	2150.218750	1033	949	84	199.828125	27900554.000000	2181.605599	4	14	8	6	2	2891.946355	1229.886084	1.011854
CRL2097_ActD_SerumStarved	KDM5A	130711	0	11	2	942.813024	1957.062500	931	849	82	174.703125	27105566.000000	2424.252392	6	19	10	9	2	3887.460259	1020.352514	0.698165
CRL2097_ActD_SerumStarved	KDM5A	130711	0	12	1	2383.839258	3884.500000	2104	1964	140	300.015625	28990231.000000	1509.829228	10	24	17	7	0	0.000000	0.000000	0.000000
CRL2097_ActD_SerumStarved	KDM5A	130711	0	13	1	980.417281	1615.500000	1578	1447	131	226.515625	52368955.000000	3612.399462	4	17	9	8	3	3592.042117	1152.140454	0.843377
CRL2097_ActD_SerumStarved	KDM5A	130711	0	14	1	1942.506286	2991.515625	2320	2129	191	280.062500	28656373.000000	1598.771089	4	25	17	8	1	5544.640249	3171.070477	2.673264
CRL2097_ActD_SerumStarved	KDM5A	130711	0	15	1	1793.489929	2927.500000	1775	1481	294	292.921875	28161271.000000	1502.174801	7	14	4	10	1	3629.373453	729.892097	0.847006
CRL2097_ActD_SerumStarved	KDM5A	130711	0	16	1	1578.916464	2391.359375	1294	1202	92	236.406250	27834780.000000	1839.707865	2	9	6	3	0	0.000000	0.000000	0.000000
CRL2097_ActD_SerumStarved	KDM5A	130711	0	17	1	1055.183629	2599.109375	908	809	99	258.671875	27740221.000000	1675.640048	8	25	14	11	2	5300.725350	2190.458967	1.767005
CRL2097_ActD_SerumStarved	KDM5A	130711	0	18	1	1104.493383	2146.328125	1055	933	122	273.171875	30492619.000000	1744.129669	3	25	14	11	2	4028.588657	2949.447909	2.150245
CRL2097_ActD_SerumStarved	KDM5A	130711	0	18	2	733.874069	1793.765625	1078	951	127	255.531250	54507459.000000	3332.974135	3	16	9	7	3	4074.864168	1076.956896	0.904722
CRL2097_ActD_SerumStarved	KDM5A	130711	0	19	1	1863.513441	4391.109375	1690	1557	133	286.906250	29517229.000000	1607.517101	5	22	13	9	1	9816.902222	962.783180	0.653507
CRL2097_ActD_SerumStarved	KDM5A	130711	0	20	1	955.911971	1763.328125	1054	957	97	220.953125	28188846.000000	1993.412489	7	9	4	5	0	0.000000	0.000000	0.000000
CRL2097_ActD_SerumStarved	KDM5A	130711	0	21	1	1658.545843	2721.171875	1714	1574	140	338.515625	53519187.000000	2470.306347	10	25	14	11	2	5671.745208	1245.327985	1.018954
CRL2097_ActD_SerumStarved	KDM5A	130711	0	23	1	1353.410918	2143.000000	1472	1350	122	224.234375	27195717.000000	1895.039858	3	14	12	2	1	3978.953896	1782.680922	1.365090
CRL2097_ActD_SerumStarved	KDM5A	130711	0	24	1	914.803104	2177.250000	893	783	110	268.546875	28168552.000000	1638.945249	6	13	6	7	1	6344.369829	3049.917536	1.862883
CRL2097_ActD_SerumStarved	KDM5A	130711	0	25	1	1005.906668	2892.390625	1576	1450	126	233.218750	28007163.000000	1876.401112	2	17	11	6	1	4013.361023	1943.721797	1.401399
CRL2097_ActD_SerumStarved	KDM5A	130711	0	26	1	1561.698963	2957.437500	1788	1640	148	242.140625	28416498.000000	1833.677357	4	17	11	6	2	4296.024580	2450.912710	1.668176
CRL2097_ActD_SerumStarved	KDM5A	130711	0	27	1	1914.901508	1434.687500	2826	2340	486	343.687500	49983728.000000	2272.400800	9	28	11	17	4	3029.682377	1725.558693	1.159468
CRL2097_ActD_SerumStarved	KDM5A	130711	0	28	1	1959.233116	6721.453125	1931	1768	163	426.125000	61045492.000000	2238.394397	10	27	15	12	4	4161.557633	1019.744365	0.715558
CRL2097_ActD_SerumStarved	KDM5A	130711	0	29	1	1590.331973	3203.937500	1677	1543	134	261.968750	28148434.000000	1678.899797	4	20	15	5	1	6339.307484	2143.284358	1.384364
CRL2097_ActD_SerumStarved	KDM5A	130711	4	1	1	1004.527516	2898.937500	1198	1143	55	265.468750	35867579.000000	2111.099411	2	10	6	4	0	0.000000	0.000000	0.000000
CRL2097_ActD_SerumStarved	KDM5A	130711	4	2	1	2019.421128	2209.515625	2096	2009	87	288.140625	63981993.000000	3469.551163	192	20	16	4	0	0.000000	0.000000	0.000000
CRL2097_ActD_SerumStarved	KDM5A	130711	4	3	1	822.353256	1818.062500	821	776	45	205.093750	34631178.000000	2638.364925	1	5	5	0	0	0.000000	0.000000	0.000000
CRL2097_ActD_SerumStarved	KDM5A	130711	4	3	2	1529.800164	3630.734375	1402	1330	72	273.750000	37032760.000000	2113.742009	2	7	7	0	0	0.000000	0.000000	0.000000
CRL2097_ActD_SerumStarved	KDM5A	130711	4	4	1	1649.924744	3580.250000	1581	1514	67	305.031250	33679919.000000	1725.228921	5	18	18	0	0	0.000000	0.000000	0.000000
CRL2097_ActD_SerumStarved	KDM5A	130711	4	5	1	671.519233	897.140625	616	570	46	160.734375	31240014.000000	3036.843978	7	8	5	3	0	0.000000	0.000000	0.000000
CRL2097_ActD_SerumStarved	KDM5A	130711	4	5	2	770.520346	1088.671875	875	793	82	164.656250	27433602.000000	2603.302524	1	5	5	0	0	0.000000	0.000000	0.000000
CRL2097_ActD_SerumStarved	KDM5A	130711	4	7	1	707.741452	2760.203125	1099	1044	55	205.156250	31487120.000000	2398.105103	1	10	9	1	0	0.000000	0.000000	0.000000
CRL2097_ActD_SerumStarved	KDM5A	130711	4	8	1	740.656001	2328.531250	1178	1110	68	205.937500	30829706.000000	2339.127921	3	6	4	2	0	0.000000	0.000000	0.000000
CRL2097_ActD_SerumStarved	KDM5A	130711	4	9	1	1213.780798	2965.046875	1166	1096	70	230.171875	30879467.000000	2096.223406	1	11	10	1	0	0.000000	0.000000	0.000000
CRL2097_ActD_SerumStarved	KDM5A	130711	4	10	1	1612.420204	4378.125000	1768	1644	124	332.875000	34751882.000000	1631.237420	1	13	9	4	0	0.000000	0.000000	0.000000
CRL2097_ActD_SerumStarved	KDM5A	130711	4	11	1	2041.215699	5452.375000	2388	2253	135	350.531250	67096991.000000	2990.861683	2	18	13	5	0	0.000000	0.000000	0.000000
CRL2097_ActD_SerumStarved	KDM5A	130711	4	12	1	1415.109909	2771.921875	1752	1626	126	236.843750	32385324.000000	2136.516955	2	5	3	2	0	0.000000	0.000000	0.000000
CRL2097_ActD_SerumStarved	KDM5A	130711	4	13	1	945.586235	1629.468750	1013	841	172	211.656250	30516639.000000	2252.815517	1	5	3	2	0	0.000000	0.000000	0.000000
CRL2097_ActD_SerumStarved	KDM5A	130711	4	14	1	1076.044660	2602.468750	1167	1112	55	206.531250	32793654.000000	2480.984567	1	8	8	0	0	0.000000	0.000000	0.000000
CRL2097_ActD_SerumStarved	KDM5A	130711	4	15	1	2710.162684	3566.343750	2374	2199	175	387.328125	64684925.000000	2609.420509	2	21	14	7	0	0.000000	0.000000	0.000000
CRL2097_ActD_SerumStarved	KDM5A	130711	4	16	1	1565.933477	2730.343750	1684	1582	102	227.015625	31803088.000000	2188.938537	4	10	10	0	0	0.000000	0.000000	0.000000
CRL2097_ActD_SerumStarved	KDM5A	130711	4	18	1	1189.686384	2291.671875	1354	1225	129	225.265625	31109370.000000	2157.825484	2	6	6	0	0	0.000000	0.000000	0.000000
CRL2097_ActD_SerumStarved	KDM5A	130711	4	19	1	598.247789	1420.718750	829	755	74	174.703125	31581716.000000	2824.587783	1	9	9	0	0	0.000000	0.000000	0.000000
CRL2097_ActD_SerumStarved	KDM5A	130711	4	20	1	872.833611	2653.984375	682	603	79	277.000000	35038769.000000	1976.464858	2	9	6	3	0	0.000000	0.000000	0.000000
CRL2097_ActD_SerumStarved	KDM5A	130711	4	21	1	1196.767951	3866.421875	1005	965	40	237.484375	33731180.000000	2219.302586	1	8	7	1	0	0.000000	0.000000	0.000000
CRL2097_ActD_SerumStarved	KDM5A	130711	4	22	1	983.575998	2195.781250	1411	1339	72	190.687500	29456928.000000	2413.710914	1	9	9	0	0	0.000000	0.000000	0.000000
CRL2097_ActD_SerumStarved	KDM5A	130711	4	23	1	1523.076311	2956.281250	1314	1224	90	287.625000	30538736.000000	1658.992612	2	7	6	1	0	0.000000	0.000000	0.000000
CRL2097_ActD_SerumStarved	KDM5A	130711	4	26	1	2030.246792	4912.125000	2168	2083	85	262.218750	33763159.000000	2011.867417	8	21	17	4	0	0.000000	0.000000	0.000000
CRL2097_ActD_SerumStarved	KDM5A	130711	4	27	1	1432.485295	3424.437500	1210	1159	51	281.453125	31437880.000000	1745.288403	1	17	16	1	0	0.000000	0.000000	0.000000
CRL2097_ActD_SerumStarved	KDM5A	130711	4	28	1	747.734892	2587.093750	781	749	32	246.468750	31480591.000000	1995.726575	1	15	13	2	1	4139.186392	1318.549569	0.813550
CRL2097_ActD_SerumStarved	KDM5A	130711	4	29	1	1282.617961	3736.859375	1340	1245	95	234.031250	30401166.000000	2029.721325	1	10	9	1	0	0.000000	0.000000	0.000000
CRL2097_ActD_SerumStarved	UBC	130801	0	1	1	2055.416156	2274.328125	2507	2099	408	364.296875	31000943.000000	1329.656573	5	962	844	118	4	6154.530982	5164.315371	2.255160
CRL2097_ActD_SerumStarved	UBC	130801	0	2	1	1853.179703	3360.906250	1810	1464	346	285.000000	16063628.000000	880.681360	4	710	587	123	2	9832.812017	9217.087272	3.692187
CRL2097_ActD_SerumStarved	UBC	130801	0	3	1	1215.938558	1518.187500	1415	1134	281	350.921875	29196051.000000	1299.971103	5	451	329	122	2	4556.519894	3095.698945	1.578147
CRL2097_ActD_SerumStarved	UBC	130801	0	4	1	847.640849	3043.671875	1597	1391	206	247.437500	15817960.000000	998.860823	6	695	623	72	2	6613.704493	9318.688800	3.588306
CRL2097_ActD_SerumStarved	UBC	130801	0	5	1	1644.722343	3075.484375	1631	1454	177	272.546875	15825872.000000	907.290718	4	521	461	60	2	3022.971035	3576.861571	1.294219
CRL2097_ActD_SerumStarved	UBC	130801	0	6	1	1415.373142	2472.421875	2052	1841	211	243.500000	15780999.000000	1012.641106	7	432	396	36	4	2751.974564	3488.532182	1.397548
CRL2097_ActD_SerumStarved	UBC	130801	0	7	1	1210.286601	4944.296875	2270	1920	350	265.468750	18417934.000000	1084.045556	3	531	467	64	2	3806.022502	4650.670343	1.608486
CRL2097_ActD_SerumStarved	UBC	130801	0	8	1	1733.511564	5361.515625	2445	2096	349	495.296875	60045243.000000	1894.231458	7	1117	975	142	5	3739.513142	2745.849869	1.157623
CRL2097_ActD_SerumStarved	UBC	130801	0	9	1	1785.565301	3025.093750	2264	2001	263	307.828125	17112352.000000	868.603218	3	647	595	52	2	6141.314864	5395.916185	1.934395
CRL2097_ActD_SerumStarved	UBC	130801	0	10	1	4315.171415	6226.796875	5523	4932	591	569.125000	37616128.000000	1032.729190	2	2582	2368	214	4	11578.654248	10669.445754	3.829967
CRL2097_ActD_SerumStarved	UBC	130801	0	11	1	2341.543047	3810.296875	1934	1667	267	442.406250	33538151.000000	1184.507699	5	864	769	95	3	6215.445331	7291.590826	2.539236
CRL2097_ActD_SerumStarved	UBC	130801	0	12	1	1659.933881	5138.234375	1742	1561	181	325.421875	17939702.000000	861.367552	2	726	683	43	3	6245.847274	5278.390198	1.879469
CRL2097_ActD_SerumStarved	UBC	130801	0	13	1	916.696132	2084.046875	983	828	155	212.250000	14716908.000000	1083.400177	3	274	240	34	3	3636.965144	3148.306617	1.135989
CRL2097_ActD_SerumStarved	UBC	130801	0	14	1	3048.578895	3530.562500	2376	2093	283	411.109375	29566332.000000	1123.725134	11	1030	968	62	4	2711.721247	2044.057440	0.916111
CRL2097_ActD_SerumStarved	UBC	130801	0	15	1	917.961622	2059.640625	801	676	125	265.890625	13246823.000000	778.446436	1	414	350	64	1	761.218674	1800.053549	0.862388
CRL2097_ActD_SerumStarved	UBC	130801	0	16	1	1509.548969	2473.046875	1922	1687	235	268.125000	12260085.000000	714.457168	5	616	561	55	1	6401.138446	5077.974057	1.996207
CRL2097_ActD_SerumStarved	UBC	130801	0	17	1	2032.249702	4564.953125	1677	1483	194	394.937500	26334399.000000	1041.873675	4	628	591	37	2	2377.515258	2636.355341	1.035605
CRL2097_ActD_SerumStarved	UBC	130801	0	18	1	1693.303265	2522.265625	1841	1596	245	367.921875	25227283.000000	1071.358687	5	957	851	106	2	3775.435737	2450.700926	1.111213
CRL2097_ActD_SerumStarved	UBC	130801	0	19	1	1214.313740	2611.843750	1396	1238	158	218.296875	12214675.000000	874.287810	4	540	507	33	1	2806.054085	3547.331088	1.670383
CRL2097_ActD_SerumStarved	UBC	130801	0	20	1	877.927169	2808.328125	1202	1082	120	206.859375	11280587.000000	852.072437	4	333	316	17	2	2615.954193	2137.733949	0.904486
CRL2097_ActD_SerumStarved	UBC	130801	0	22	1	1711.582372	2556.718750	2247	1970	277	295.703125	12283448.000000	649.059339	3	1193	1030	163	3	1620.070296	2094.592063	1.083951
CRL2097_ActD_SerumStarved	UBC	130801	0	23	1	1734.344425	3822.000000	1586	1394	192	267.015625	13116091.000000	767.516590	7	560	519	41	2	2795.122821	3741.426045	1.716431
CRL2097_ActD_SerumStarved	UBC	130801	0	24	1	2203.625698	4390.937500	2220	1934	286	375.781250	23108425.000000	960.849272	7	845	744	101	4	1206.367410	1144.714659	0.553723
CRL2097_ActD_SerumStarved	UBC	130801	0	25	1	1803.153775	2434.046875	2541	2196	345	293.265625	13125144.000000	699.299057	5	693	549	144	3	6465.944061	8316.731956	3.709243
CRL2097_ActD_SerumStarved	UBC	130801	0	26	1	1200.570079	3054.171875	1856	1650	206	244.390625	14095634.000000	901.197750	6	606	550	56	2	5124.646958	7056.371932	2.750806
CRL2097_ActD_SerumStarved	UBC	130801	0	27	1	964.609127	3502.312500	1754	1586	168	266.859375	13883494.000000	812.898530	2	634	583	51	3	2493.261679	2247.771259	0.913627
CRL2097_ActD_SerumStarved	UBC	130801	0	28	1	1039.792111	3704.843750	1021	865	156	415.203125	26529031.000000	998.345351	4	640	553	87	5	2278.091114	3660.612435	1.387093
CRL2097_ActD_SerumStarved	UBC	130801	0	29	1	631.974532	2326.296875	1087	936	151	260.796875	13504788.000000	809.105985	2	558	524	34	2	3083.017975	4053.303042	1.468335
CRL2097_ActD_SerumStarved	UBC	130801	0	30	1	1998.299597	3482.781250	1802	1569	233	296.453125	12610380.000000	664.648711	11	1020	931	89	2	2216.129367	2516.660070	1.079971
CRL2097_ActD_SerumStarved	UBC	130801	4	1	1	727.725926	2458.093750	990	893	97	233.578125	23498352.000000	1571.901264	4	134	122	12	1	1918.223295	1279.316758	0.608576
CRL2097_ActD_SerumStarved	UBC	130801	4	2	1	2073.852144	5240.890625	3035	2864	171	358.734375	22750660.000000	990.925563	5	765	731	34	0	0.000000	0.000000	0.000000
CRL2097_ActD_SerumStarved	UBC	130801	4	3	1	654.926181	989.000000	930	818	112	200.765625	17576092.000000	1367.895712	2	174	145	29	1	1554.000414	1909.327161	0.930197
CRL2097_ActD_SerumStarved	UBC	130801	4	4	1	1409.949057	1821.984375	1836	1507	329	308.406250	33619882.000000	1703.307427	4	199	159	40	0	0.000000	0.000000	0.000000
CRL2097_ActD_SerumStarved	UBC	130801	4	5	1	1975.454039	4364.656250	2122	1982	140	294.093750	17955068.000000	953.940495	2	313	289	24	3	1560.489195	1007.783149	0.566149
CRL2097_ActD_SerumStarved	UBC	130801	4	6	1	1755.435321	4544.625000	1899	1741	158	274.187500	18043937.000000	1028.261739	2	298	289	9	1	2268.737060	2328.018608	1.017414
CRL2097_ActD_SerumStarved	UBC	130801	4	7	1	1025.328028	2368.765625	1134	1010	124	276.296875	30028816.000000	1698.174292	3	190	165	25	1	1469.491727	2235.768735	1.041552
CRL2097_ActD_SerumStarved	UBC	130801	4	7	2	663.321342	918.562500	886	748	138	220.109375	13942303.000000	989.728331	3	129	101	28	0	0.000000	0.000000	0.000000
CRL2097_ActD_SerumStarved	UBC	130801	4	8	1	1137.416610	2786.812500	1573	1403	170	226.156250	15653862.000000	1081.515960	4	298	275	23	1	1787.179221	870.053553	0.378802
CRL2097_ActD_SerumStarved	UBC	130801	4	9	1	1118.492263	2922.156250	1433	1315	118	392.734375	33247462.000000	1322.755600	3	308	251	57	1	3565.246312	2030.778907	0.814480
CRL2097_ActD_SerumStarved	UBC	130801	4	9	2	762.537876	1737.906250	740	644	96	265.968750	15558200.000000	914.005405	2	109	95	14	1	4154.070460	2094.932354	0.883178
CRL2097_ActD_SerumStarved	UBC	130801	4	10	1	1116.642365	2325.437500	2042	1900	142	371.921875	31876345.000000	1339.173424	4	276	243	33	1	1639.534906	2489.747833	0.928552
CRL2097_ActD_SerumStarved	UBC	130801	4	11	1	2898.609088	6154.281250	3763	3465	298	444.109375	30290332.000000	1065.697921	4	648	592	56	0	0.000000	0.000000	0.000000
CRL2097_ActD_SerumStarved	UBC	130801	4	12	1	1631.724815	5012.906250	2248	2036	212	331.640625	17309101.000000	815.505347	2	266	245	21	0	0.000000	0.000000	0.000000
CRL2097_ActD_SerumStarved	UBC	130801	4	13	1	932.481823	1808.375000	1026	963	63	277.203125	14620054.000000	824.082859	3	185	170	15	0	0.000000	0.000000	0.000000
CRL2097_ActD_SerumStarved	UBC	130801	4	14	1	2140.963535	3066.703125	2174	1898	276	623.437500	59777721.000000	1498.188496	10	295	245	50	3	2467.777403	2857.967683	1.035212
CRL2097_ActD_SerumStarved	UBC	130801	4	15	1	474.713525	2978.406250	1483	1334	149	274.593750	15297249.000000	870.447764	2	240	224	16	0	0.000000	0.000000	0.000000
CRL2097_ActD_SerumStarved	UBC	130801	4	16	1	1799.173249	3009.562500	2000	1827	173	423.375000	31382852.000000	1158.209773	1	363	322	41	0	0.000000	0.000000	0.000000
CRL2097_ActD_SerumStarved	UBC	130801	4	18	1	1221.111290	1711.218750	1014	918	96	212.562500	13605577.000000	1000.115922	2	124	112	12	0	0.000000	0.000000	0.000000
CRL2097_ActD_SerumStarved	UBC	130801	4	19	1	2834.835697	3924.468750	3489	3158	331	310.921875	25503893.000000	1281.667069	114	483	439	44	0	0.000000	0.000000	0.000000
CRL2097_ActD_SerumStarved	UBC	130801	4	20	1	1853.468641	2835.296875	2427	2227	200	245.343750	14405611.000000	917.437970	2	402	362	40	2	2243.293411	2753.328903	0.969111
CRL2097_ActD_SerumStarved	UBC	130801	4	21	1	942.951172	3127.609375	1035	959	76	238.343750	14745623.000000	966.672545	5	149	136	13	1	2858.366172	1090.239686	0.430264
CRL2097_ActD_SerumStarved	UBC	130801	4	22	1	955.442762	2682.937500	1316	1220	96	252.515625	15446848.000000	955.810160	1	215	204	11	2	2028.742097	2583.216541	0.941539
CRL2097_ActD_SerumStarved	UBC	130801	4	23	1	1188.686902	3444.187500	1364	1241	123	293.296875	16421315.000000	874.823664	2	208	197	11	0	0.000000	0.000000	0.000000
CRL2097_ActD_SerumStarved	UBC	130801	4	24	1	1816.916741	4776.625000	2626	2472	154	307.406250	17358931.000000	882.328505	6	323	314	9	0	0.000000	0.000000	0.000000
CRL2097_ActD_SerumStarved	UBC	130801	4	25	1	1867.150292	2009.812500	1865	1673	192	316.593750	15387323.000000	759.417777	2	375	334	41	0	0.000000	0.000000	0.000000
CRL2097_ActD_SerumStarved	UBC	130801	4	27	1	818.087113	2521.343750	1670	1553	117	233.953125	14410723.000000	962.447272	5	217	209	8	0	0.000000	0.000000	0.000000
CRL2097_ActD_SerumStarved	UBC	130801	4	28	1	1491.731573	3896.828125	1306	1237	69	295.156250	14736704.000000	780.132557	1	226	215	11	0	0.000000	0.000000	0.000000
CRL2097_ActD_SerumStarved	UBC	130801	4	30	1	1409.466785	2517.531250	1292	1196	96	310.953125	15276351.000000	767.617255	3	212	190	22	1	1707.178191	1412.478426	0.585153
