exptType 	 class 	 date 	 repNum 	 dataNum 	 objNum 	volume 	 cytoGAPDH 	 cytoGFP 	 cytoGAS6 
Heterokaryon	12h	131216	1	1	1	4176.530334	3484	2627	45
Heterokaryon	12h	131216	1	2	1	6644.292352	3978	1951	347
Heterokaryon	12h	131216	1	3	1	5321.448110	3663	1843	182
Heterokaryon	12h	131216	1	4	1	2470.422701	1868	1855	76
Heterokaryon	12h	131216	1	5	1	4496.744110	3939	1829	201
Heterokaryon	12h	131216	1	6	1	5213.408462	4095	2462	165
Heterokaryon	12h	131216	1	7	1	3778.139631	2483	1507	58
Heterokaryon	12h	131216	1	8	1	6150.460006	4814	3144	171
Heterokaryon	12h	131216	1	9	1	2996.604802	2286	1583	65
Heterokaryon	12h	131216	1	10	1	3154.816637	2464	1539	103
Heterokaryon	12h	131216	1	11	1	9006.913813	4803	3313	188
Heterokaryon	12h	131216	1	12	1	6455.798658	4169	1655	110
Heterokaryon	12h	131216	1	14	1	6009.317048	3248	2043	86
Heterokaryon	12h	131216	1	15	1	4041.697368	2407	1661	89
Heterokaryon	12h	131216	1	16	1	5109.650969	4656	2712	99
Heterokaryon	12h	131216	1	17	1	6247.467803	4269	2620	313
Heterokaryon	12h	131216	1	18	1	4367.184481	3022	1930	139
Heterokaryon	12h	131216	1	19	1	6849.774556	3308	1981	178
Heterokaryon	12h	131216	1	20	1	4123.165154	3457	2620	92
Heterokaryon	12h	131216	1	21	1	7121.517919	5178	3321	426
Heterokaryon	ctrl	131216	1	1	1	530.774429	396	781	1
Heterokaryon	ctrl	131216	1	1	2	137.146530	78	227	0
Heterokaryon	ctrl	131216	1	2	1	1898.146477	1472	1806	21
Heterokaryon	ctrl	131216	1	2	2	1795.870457	1177	2050	21
Heterokaryon	ctrl	131216	1	3	1	1274.787501	575	1100	1
Heterokaryon	ctrl	131216	1	3	2	1844.823942	756	1513	2
Heterokaryon	ctrl	131216	1	3	3	1180.674274	661	1181	3
Heterokaryon	ctrl	131216	1	4	1	1207.918003	546	1000	27
Heterokaryon	ctrl	131216	1	4	2	2483.422475	1312	2234	95
Heterokaryon	ctrl	131216	1	5	1	2133.126082	1264	1642	4
Heterokaryon	ctrl	131216	1	5	2	1531.654553	998	1481	5
Heterokaryon	ctrl	131216	1	6	1	1298.555127	968	1576	1
Heterokaryon	ctrl	131216	1	6	2	1284.377662	854	1227	0
Heterokaryon	ctrl	131216	1	6	3	1332.922537	681	1029	1
Heterokaryon	ctrl	131216	1	6	4	991.129661	612	679	2
Heterokaryon	ctrl	131216	1	7	1	1734.313216	886	2313	1
Heterokaryon	ctrl	131216	1	7	2	1256.522587	457	814	2
Heterokaryon	ctrl	131216	1	7	3	2042.608150	1329	2351	2
Heterokaryon	ctrl	131216	1	7	4	2126.163746	1047	2088	1
Heterokaryon	ctrl	131216	1	8	1	941.970093	759	1154	0
Heterokaryon	ctrl	131216	1	8	2	2056.530335	1283	2029	8
Heterokaryon	ctrl	131216	1	9	2	1930.046099	1050	1833	3
Heterokaryon	ctrl	131216	1	10	1	5850.829423	2420	4276	42
Heterokaryon	12h	140218	2	1	1	1806.528356	1612	1508	78
Heterokaryon	12h	140218	2	2	1	2352.690218	2735	2527	36
Heterokaryon	12h	140218	2	3	1	3643.734352	2794	3656	46
Heterokaryon	12h	140218	2	4	1	3542.079259	3372	2643	80
Heterokaryon	12h	140218	2	5	1	3727.983038	3157	2055	151
Heterokaryon	12h	140218	2	6	1	2545.325041	2827	2124	139
Heterokaryon	12h	140218	2	7	1	3393.773442	3573	2529	119
Heterokaryon	12h	140218	2	8	1	3159.322731	2513	2370	170
Heterokaryon	12h	140218	2	9	1	6363.117388	5402	2750	287
Heterokaryon	12h	140218	2	10	1	2180.800486	1433	3172	30
Heterokaryon	12h	140218	2	11	1	2207.581235	1755	968	54
Heterokaryon	12h	140218	2	12	1	3391.758066	4333	2712	77
Heterokaryon	12h	140218	2	13	1	3393.398888	2492	1661	210
Heterokaryon	12h	140218	2	14	1	3350.897669	3435	2911	27
Heterokaryon	12h	140218	2	15	1	1630.517554	1529	993	13
Heterokaryon	12h	140218	2	16	1	4039.379632	4165	2582	216
Heterokaryon	12h	140218	2	17	1	3905.530052	3722	1447	86
Heterokaryon	12h	140218	2	18	1	3579.508284	3363	2123	70
Heterokaryon	12h	140218	2	19	1	2124.709506	2310	1783	89
Heterokaryon	12h	140218	2	20	1	3840.146176	3153	2195	80
Heterokaryon	12h	140219	2	1	1	1532.113134	930	2606	15
Heterokaryon	12h	140219	2	2	1	1443.023085	1614	622	68
Heterokaryon	12h	140219	2	3	1	2213.052330	1745	1817	104
Heterokaryon	12h	140219	2	4	1	1943.239136	2052	680	53
Heterokaryon	12h	140219	2	5	1	1853.464350	708	1602	8
Heterokaryon	12h	140219	2	6	1	2769.611712	2648	2412	142
Heterokaryon	12h	140219	2	7	1	3287.013442	3644	2317	110
Heterokaryon	12h	140219	2	8	1	3913.954886	4482	1407	241
Heterokaryon	12h	140219	2	9	1	3356.799613	3548	2659	75
Heterokaryon	12h	140219	2	10	1	1096.166194	674	1041	6
Heterokaryon	12h	140219	2	11	1	3543.479459	3033	1414	93
Heterokaryon	12h	140219	2	12	1	2702.533312	3015	2579	110
Heterokaryon	12h	140219	2	13	1	3461.543531	3624	2824	155
Heterokaryon	ctrl	140219	2	1	1	1234.715680	1013	2018	10
Heterokaryon	ctrl	140219	2	1	2	819.072000	893	1	52
Heterokaryon	ctrl	140219	2	2	1	775.464185	699	1181	1
Heterokaryon	ctrl	140219	2	2	2	822.174419	676	1408	0
Heterokaryon	ctrl	140219	2	3	1	2137.771157	2382	1	161
Heterokaryon	ctrl	140219	2	3	2	678.707994	535	1331	0
Heterokaryon	ctrl	140219	2	4	1	452.112128	482	836	0
Heterokaryon	ctrl	140219	2	4	2	653.102363	914	2	40
Heterokaryon	ctrl	140219	2	4	3	598.146024	484	954	1
Heterokaryon	ctrl	140219	2	5	1	845.023665	835	1434	8
Heterokaryon	ctrl	140219	2	5	2	839.594362	712	992	7
Heterokaryon	ctrl	140219	2	6	1	3752.169316	2311	0	306
Heterokaryon	ctrl	140219	2	7	1	2140.834097	1564	1	126
Heterokaryon	ctrl	140219	2	8	1	791.021008	720	1377	9
Heterokaryon	ctrl	140219	2	8	2	811.858615	416	899	0
Heterokaryon	ctrl	140219	2	8	3	1115.351998	912	1569	3
Heterokaryon	ctrl	140219	2	9	1	827.574923	833	1689	7
Heterokaryon	ctrl	140219	2	9	2	1723.355252	1824	2	125
Heterokaryon	ctrl	140219	2	10	1	694.945928	383	799	6
Heterokaryon	ctrl	140219	2	10	2	1310.648090	1642	1	59
Heterokaryon	ctrl	140219	2	10	3	796.125373	925	0	35
Heterokaryon	ctrl	140219	2	10	4	976.782890	1172	3	53
Heterokaryon	ctrl	140219	2	11	1	716.148081	600	74	7
Heterokaryon	ctrl	140219	2	11	2	1741.283018	1250	1	86
Heterokaryon	ctrl	140219	2	12	1	688.250439	389	769	0
Heterokaryon	ctrl	140219	2	12	2	795.996794	501	1077	2
Heterokaryon	ctrl	140219	2	12	3	1164.541456	1006	1540	3
Heterokaryon	ctrl	140219	2	13	1	1016.054384	1145	0	122
Heterokaryon	ctrl	140219	2	13	2	585.137114	482	858	3
Heterokaryon	ctrl	140219	2	13	3	1148.271841	986	0	100
Heterokaryon	ctrl	140219	2	14	1	357.078333	331	501	2
Heterokaryon	ctrl	140219	2	14	2	755.017446	931	1	56
Heterokaryon	ctrl	140219	2	14	3	741.277175	1058	0	41
Heterokaryon	ctrl	140219	2	15	1	579.553087	625	1015	1
Heterokaryon	ctrl	140219	2	15	2	818.001627	665	1073	4
Heterokaryon	ctrl	140219	2	16	1	388.528929	351	764	1
Heterokaryon	ctrl	140219	2	16	2	808.482445	644	1179	0
Heterokaryon	ctrl	140219	2	17	1	1075.908970	775	1581	2
Heterokaryon	ctrl	140219	2	17	2	1883.187981	1986	1	182
Heterokaryon	ctrl	140219	2	18	1	974.794600	892	1797	2
Heterokaryon	ctrl	140219	2	18	2	738.073515	542	1372	3
Heterokaryon	ctrl	140219	2	18	3	1403.003935	945	1	38
Heterokaryon	ctrl	140219	2	19	1	1159.340341	886	2102	5
Heterokaryon	ctrl	140219	2	19	2	670.195393	510	1409	7
Heterokaryon	ctrl	140219	2	20	1	757.229088	728	1438	3
Heterokaryon	ctrl	140219	2	20	2	970.234390	837	1592	5
Heterokaryon	ctrl	140219	2	21	1	760.672203	1066	0	64
Heterokaryon	ctrl	140219	2	21	2	858.675252	1067	2	41
Heterokaryon	ctrl	140219	2	21	3	2978.116826	3241	1	468
Heterokaryon	ctrl	140219	2	22	1	1223.696309	794	0	27
Heterokaryon	ctrl	140219	2	22	2	1286.088229	1082	1220	2
Heterokaryon	ctrl	140219	2	23	1	1600.543387	1788	0	60
Heterokaryon	ctrl	140219	2	23	2	2439.633536	3038	1	99
Heterokaryon	ctrl	140219	2	24	1	683.177589	540	873	3
Heterokaryon	ctrl	140219	2	24	2	811.639285	440	1061	1
Heterokaryon	ctrl	140219	2	24	3	923.777293	409	1106	1
Heterokaryon	ctrl	140219	2	25	1	827.782756	615	1274	16
Heterokaryon	ctrl	140219	2	25	2	2323.042068	2233	1	162
Heterokaryon	ctrl	140219	2	26	1	2713.293529	2504	1	422
Heterokaryon	ctrl	140219	2	27	1	715.991338	580	812	1
Heterokaryon	ctrl	140219	2	27	2	985.443587	632	1771	0
Heterokaryon	ctrl	140219	2	28	1	760.844284	630	1143	0
Heterokaryon	ctrl	140219	2	28	2	549.894410	469	868	0
Heterokaryon	ctrl	140219	2	29	1	1500.324936	1641	1	73
Heterokaryon	ctrl	140219	2	29	2	2387.604881	1532	1	88
Heterokaryon	ctrl	140219	2	30	1	1064.896858	718	1453	0
Heterokaryon	ctrl	140219	2	30	2	506.875802	229	629	3
Heterokaryon	ctrl	140219	2	31	1	537.362076	415	872	6
Heterokaryon	ctrl	140219	2	31	2	646.623733	425	1012	2
Heterokaryon	ctrl	140219	2	32	1	368.113771	236	356	0
Heterokaryon	ctrl	140219	2	32	2	731.375954	677	1822	10
Heterokaryon	ctrl	140219	2	33	1	1100.201197	758	1535	1
Heterokaryon	ctrl	140219	2	33	2	1194.975435	1162	3	2
Heterokaryon	ctrl	140219	2	33	3	3170.551371	3719	0	324
Heterokaryon	ctrl	140219	2	34	1	669.027566	541	1185	13
Heterokaryon	ctrl	140219	2	34	2	708.355360	657	1097	11
Heterokaryon	ctrl	140219	2	34	3	1903.693208	1953	1	159
Heterokaryon	ctrl	140219	2	35	1	1474.942357	1585	1	222
