cellType 	 date 	 dataNum 	 objNum 	volume 	 area 	 totalGAPDH 	 cytoGAPDH 	 nucGAPDH 	nucArea 	 dapiIntensityTotal 	 dapiIntensityAvg 	rrnaIntensityTotal 	 rrnaIntensityAvg 	itsIntensityTotal 	 itsIntensityAvg 	numCyclin 
rRNA	120906	1	1	2909.821379	2946.921875	2458	2264	194	321.953125	15741098.000000	763.945547	587630656.000000	3497.843165	54333210.000000	15352.701328	157
rRNA	120906	4	1	1604.063401	1540.609375	1823	1656	167	219.000000	19352286.000000	1380.728168	251424909.000000	2972.522954	40022483.000000	12329.785274	124
rRNA	120906	5	1	2560.542964	1566.328125	1927	1765	162	235.609375	15750435.000000	1044.527820	304695663.000000	3577.667884	36698781.000000	9833.542605	113
rRNA	120906	7	1	3610.999679	2856.843750	4220	3888	332	412.343750	46492735.000000	1761.755779	718239345.000000	4590.914202	98632353.000000	17297.852157	311
rRNA	120906	8	1	3086.139115	2672.656250	2416	2246	170	259.531250	12559293.000000	756.128417	358946077.000000	2324.178173	45591198.000000	15428.493401	4
rRNA	120906	9	1	1321.905010	1437.125000	1477	1354	123	214.093750	13560340.000000	989.661363	220984884.000000	2823.222066	34852405.000000	10532.609550	1
rRNA	120906	10	1	3786.460078	4326.281250	2278	2080	198	327.609375	13337159.000000	636.102399	340907496.000000	1332.112209	47384893.000000	10227.691129	7
rRNA	120906	11	1	1743.960783	2554.515625	1669	1562	107	239.328125	14343208.000000	936.424104	292225269.000000	1972.203041	47589308.000000	13099.176438	1
rRNA	120906	11	2	3056.265492	2518.796875	2851	2669	182	249.531250	11543092.000000	722.798497	314373885.000000	2164.617442	54771963.000000	13047.156503	7
rRNA	120906	12	1	4725.628063	3535.828125	4011	3754	257	467.468750	27262964.000000	911.256234	569028059.000000	2897.660390	118405370.000000	11400.478529	84
rRNA	120906	13	1	4383.889894	3350.203125	3091	2947	144	229.640625	12479155.000000	849.095394	582227369.000000	2915.276538	55309417.000000	16806.264661	2
rRNA	120906	14	1	3401.591948	5352.640625	2592	2466	126	287.140625	14612203.000000	795.135387	735097820.000000	2267.476742	65917331.000000	13281.751159	8
rRNA	120906	15	1	1399.353038	1422.953125	1594	1452	142	199.859375	12387310.000000	968.439528	286852459.000000	3664.534850	33417229.000000	9996.179779	6
rRNA	120906	16	1	2389.723906	2827.296875	2115	1913	202	282.250000	22177927.000000	1227.741752	550854393.000000	3381.902304	47791099.000000	11568.893488	133
rRNA	120906	17	1	3455.169760	3724.375000	2204	2034	170	262.796875	13542715.000000	805.203341	490296381.000000	2213.118028	64743014.000000	12431.454301	6
rRNA	120906	18	1	2473.955438	2421.515625	2145	1996	149	224.812500	11431293.000000	794.501877	339481267.000000	2414.707175	39834085.000000	10206.017166	5
rRNA	120906	19	1	6570.825543	5163.687500	6140	5890	250	346.625000	14073170.000000	634.383790	1395188204.000000	4525.541383	99976426.000000	26554.163612	9
rRNA	120906	20	1	2307.477523	2323.718750	2850	2592	258	328.796875	26330994.000000	1251.294682	675307261.000000	5289.267758	73478653.000000	15063.274498	193
rRNA	120906	21	1	2925.536908	2933.015625	3056	2749	307	338.093750	23375037.000000	1080.277151	646519675.000000	3892.937980	88620353.000000	14440.337787	309
rRNA	120906	22	1	1812.795164	2600.140625	2269	2083	186	260.750000	22377960.000000	1340.961170	568440995.000000	3796.668437	55947297.000000	12802.585126	308
rRNA	120906	23	1	2208.045114	3167.484375	2819	2591	228	221.328125	10998379.000000	776.447511	627811217.000000	3329.609645	59623194.000000	16575.811510	4
rRNA	120906	24	1	4982.325834	7303.062500	4982	4353	629	621.343750	22481925.000000	565.355454	1428842055.000000	3341.304527	145946144.000000	8493.141527	5
rRNA	120906	25	1	2421.637289	3413.968750	2396	2210	186	262.375000	10649529.000000	634.202537	661294568.000000	3278.572191	68429119.000000	16908.603657	3
rRNA	120906	26	1	4140.544133	3181.171875	3871	3631	240	348.046875	20555890.000000	922.823345	1075097781.000000	5929.284034	60126549.000000	14353.437336	197
rRNA	120906	27	1	1289.729539	1006.828125	1625	1388	237	169.062500	10897027.000000	1007.118946	308836624.000000	5760.050432	38159589.000000	16700.038950	6
rRNA	120906	28	1	1648.414431	2024.750000	1864	1744	120	267.781250	13881649.000000	809.992356	393466552.000000	3499.160059	48776774.000000	10245.069103	57
rRNA	130516	1	1	2440.276433	4103.312500	3082	2923	159	310.890625	64041742.000000	3218.663216	1533268008.000000	6317.153897	60476175.000000	15578.612828	129
rRNA	130516	2	1	2311.137131	3071.500000	2452	2307	145	268.093750	45202920.000000	2634.509850	1258519984.000000	7014.457769	49680000.000000	15409.429280	13
rRNA	130516	3	1	2645.113441	3075.953125	2757	2564	193	248.046875	46368373.000000	2920.842394	1236569015.000000	6832.401484	62243843.000000	12379.443715	86
rRNA	130516	5	1	1280.167588	1491.218750	1875	1681	194	252.812500	54597488.000000	3374.381211	842225127.000000	10626.373704	64798386.000000	11610.533238	120
rRNA	130516	6	1	3115.741375	2705.640625	3249	2995	254	276.343750	54313432.000000	3070.984508	1517546836.000000	9760.712886	47442773.000000	12287.690495	104
rRNA	130516	6	2	2073.287444	1606.781250	2717	2440	277	263.796875	70494045.000000	4175.445418	1085234389.000000	12626.198520	59795806.000000	9836.454351	211
rRNA	130516	7	1	2050.439137	1491.750000	2934	2705	229	230.921875	74993713.000000	5074.342851	1055888817.000000	13085.259155	65771336.000000	13034.351169	288
rRNA	130516	8	1	2137.957896	2271.609375	2138	1997	141	243.484375	40252286.000000	2583.089649	1083468484.000000	8347.214823	48776930.000000	15233.269831	4
rRNA	130516	8	2	1591.022874	1415.062500	2577	2332	245	201.781250	58782877.000000	4551.872154	1092971031.000000	14075.608899	60457119.000000	19144.116213	123
rRNA	130516	10	1	2383.739005	4309.859375	2722	2439	283	257.734375	40150389.000000	2434.094513	1312019879.000000	5059.150596	66854223.000000	17789.841139	9
rRNA	130516	11	1	1835.614194	1861.750000	1787	1641	146	250.187500	37527497.000000	2343.710779	899207566.000000	8718.320399	59545195.000000	10239.930353	97
rRNA	130516	12	1	2116.955622	2317.062500	2327	2091	236	246.593750	40809213.000000	2585.807439	982974298.000000	7418.114090	57332932.000000	13027.251079	2
rRNA	130516	13	1	1702.706821	2029.843750	2637	2463	174	232.640625	68807753.000000	4621.381758	863182206.000000	7504.561828	57897148.000000	11179.213748	111
rRNA	130516	15	1	1230.765271	2244.625000	2497	2296	201	240.593750	43432783.000000	2820.676906	749907928.000000	5846.870589	56236976.000000	13460.262326	84
rRNA	130516	16	1	1922.560019	2908.484375	2569	2375	194	305.343750	56033641.000000	2867.344233	1032640361.000000	6198.284290	58187505.000000	8863.290937	94
rRNA	130516	17	1	1658.312411	2169.500000	2326	2167	159	189.390625	37270704.000000	3074.886891	894154044.000000	7055.750109	45019770.000000	14560.080854	4
rRNA	130516	18	1	2622.431366	1788.984375	1936	1764	172	218.625000	37395806.000000	2672.656232	912905164.000000	9083.362327	47817306.000000	16353.387825	5
rRNA	130516	18	2	1663.451317	1763.453125	2156	1947	209	236.234375	43164263.000000	2854.968120	894698617.000000	9153.676178	50174483.000000	15343.878593	38
rRNA	130516	19	1	1689.265783	1656.906250	1999	1848	151	231.343750	47166983.000000	3185.666824	770574013.000000	8445.942534	56807587.000000	9722.332192	99
rRNA	130516	20	1	1579.888223	2546.140625	1678	1437	241	237.281250	40848034.000000	2689.848150	838125271.000000	5671.938058	29529755.000000	10144.196153	4
rRNA	130516	21	1	745.004362	1240.953125	1474	1344	130	192.375000	38465019.000000	3124.189327	230621315.000000	3436.518425	22411833.000000	6895.948615	18
rRNA	130516	21	2	1352.409842	2464.359375	1612	1466	146	275.000000	41431762.000000	2354.077386	776185101.000000	5539.470743	46367973.000000	9586.101509	1
rRNA	130516	22	1	1484.571950	1112.078125	2425	2166	259	209.843750	68105906.000000	5071.176917	736782360.000000	12759.682732	58263799.000000	13440.322722	245
rRNA	130516	23	1	2447.136438	2231.031250	2050	1873	177	263.515625	41852962.000000	2481.646131	1059560185.000000	8414.483565	59197522.000000	14689.211414	125
rRNA	130516	23	2	3232.138607	3691.484375	3891	3729	162	300.484375	41863249.000000	2176.862826	1510094056.000000	6958.189214	86221244.000000	16086.052985	8
rRNA	130516	24	1	1466.782621	1697.625000	1804	1671	133	232.203125	42307307.000000	2846.868111	775094918.000000	8264.417435	47025960.000000	15423.404395	23
rRNA	130516	25	1	4162.192353	5389.765625	5271	4920	351	323.968750	39067258.000000	1884.212308	2183658988.000000	6735.301973	82224149.000000	17119.331460	4
rRNA	130516	26	1	2037.434302	1800.953125	3664	3440	224	307.828125	86920481.000000	4411.983199	868065797.000000	9083.986992	90255527.000000	10628.300400	166
rRNA	130516	26	2	2078.340242	2198.250000	2199	2039	160	206.156250	35001301.000000	2652.819539	804723914.000000	6311.857138	46445359.000000	10546.175976	50
rRNA	130606	1	1	3398.143390	4434.578125	3226	3085	141	272.843750	21362354.000000	1223.362387	1454720470.000000	5461.667011	146579765.000000	32400.478559	6
rRNA	130606	2	1	2549.326783	3785.781250	3019	2837	182	283.078125	21933684.000000	1210.668654	1190865134.000000	5312.259434	126463571.000000	21860.600000	3
rRNA	130606	3	1	2603.484275	1676.390625	2088	1910	178	209.093750	21590925.000000	1613.430354	929757307.000000	9900.830684	96445534.000000	29485.030266	2
rRNA	130606	4	1	4971.815905	5549.343750	5672	5125	547	325.562500	22861666.000000	1097.219524	1863243800.000000	5573.201285	122463707.000000	27378.427677	15
rRNA	130606	5	1	2996.161328	2821.765625	3238	3055	183	237.781250	18747473.000000	1231.927520	1067957133.000000	6457.790676	111000713.000000	18057.705059	11
rRNA	130606	6	1	4345.527149	4353.125000	4981	4580	401	285.328125	20229634.000000	1107.805378	3310872391.000000	12717.542861	179478874.000000	6082.998610	5
rRNA	130606	7	1	3893.934575	3245.953125	5573	4859	714	371.531250	42528377.000000	1788.559887	2074991395.000000	11279.395286	180378610.000000	21690.549543	146
rRNA	130606	8	1	1968.649708	1755.062500	2856	2554	302	246.500000	20964937.000000	1328.913349	1340942313.000000	13888.866812	141573369.000000	33453.064509	1
rRNA	130606	9	1	2488.204579	1764.171875	2643	2431	212	358.656250	22863841.000000	996.072188	1133281239.000000	12598.593032	181796034.000000	37360.467324	80
rRNA	130606	10	1	2378.273204	2841.109375	2202	2058	144	242.812500	21317185.000000	1371.762227	1107836707.000000	6662.036472	51820621.000000	10592.931521	23
rRNA	130606	11	1	2377.143895	2709.562500	3891	3621	270	238.640625	22611278.000000	1480.473908	2425777483.000000	15339.527144	148613520.000000	24164.800000	28
rRNA	130606	12	1	3207.633869	3508.234375	4454	4188	266	268.593750	20647193.000000	1201.116521	1739773442.000000	8391.041840	201608709.000000	3099.717240	60
rRNA	130606	13	1	2942.337336	2807.015625	3492	3167	325	272.875000	24345029.000000	1394.012197	1157631383.000000	7137.721633	121507691.000000	27621.661969	140
rRNA	130606	14	1	1432.373304	2041.875000	2496	2298	198	236.781250	32201864.000000	2124.974528	2019062145.000000	17477.123288	108047428.000000	23560.276494	133
rRNA	130606	15	1	2866.031477	3704.750000	2939	2679	260	310.718750	22240023.000000	1118.375893	1768235285.000000	8140.371815	179728458.000000	35745.516706	5
rRNA	130606	16	1	2052.358538	3839.312500	2626	2431	195	222.640625	20857586.000000	1463.792968	1191928513.000000	5149.453326	118210963.000000	2454.699483	3
rRNA	130606	17	1	1324.262045	4503.484375	2840	2609	231	315.859375	26763266.000000	1323.931041	2572878647.000000	9600.006892	0.000000	0.000000	8
rRNA	130606	18	1	5629.964109	5058.437500	7219	6801	418	465.312500	45270337.000000	1520.159066	5073518298.000000	17259.213151	0.000000	0.000000	6
rRNA	130606	19	1	2481.076685	3097.468750	3112	2942	170	228.296875	23860424.000000	1633.045240	2431171730.000000	13239.729070	0.000000	0.000000	10
rRNA	130606	20	1	1798.315091	2420.187500	2505	2250	255	274.031250	23292948.000000	1328.141635	1855661422.000000	13510.064665	0.000000	0.000000	66
rRNA	130606	21	1	3209.561592	3049.484375	2974	2764	210	258.796875	21831984.000000	1318.117732	2003891446.000000	11219.745616	130044492.000000	15023.624307	2
rRNA	130606	22	1	3238.607812	2659.859375	3773	3513	260	223.015625	19886238.000000	1393.276676	1684952822.000000	10803.888367	151124971.000000	5625.347888	16
rRNA	130606	23	1	3752.494269	3208.546875	4084	3683	401	294.609375	22104763.000000	1172.355503	1592129634.000000	8537.254327	112342990.000000	26309.833724	41
rRNA	130606	24	1	2376.658521	2184.765625	3105	2914	191	245.921875	26309975.000000	1671.642099	1654878219.000000	13336.542551	3341015.000000	149.419275	77
rRNA	130606	25	1	2882.696632	4631.281250	3877	3502	375	315.218750	25778395.000000	1277.802865	2145309828.000000	7766.445936	102479579.000000	14421.556290	7
rRNA	130606	26	1	2637.517928	1575.531250	2937	2625	312	228.828125	18373409.000000	1254.585797	988239571.000000	11465.959357	94907140.000000	25671.393021	11
rRNA	130606	27	1	2268.035829	1298.093750	2856	2241	615	217.734375	20401631.000000	1464.056764	2056834673.000000	29747.547445	206308010.000000	6842.947030	1
rRNA	130606	28	1	1708.773276	1769.609375	2806	2609	197	211.062500	20295149.000000	1502.454027	1663220567.000000	16674.391881	0.000000	0.000000	5
rRNA	130606	29	1	2122.516342	2825.718750	2781	2597	184	225.218750	20931375.000000	1452.155890	1758672772.000000	10566.914848	154101519.000000	1675.562890	8
