cellType 	 gene 	 date 	 dataNum 	 objNum 	volume 	 area 	 totalGAPDH 	 cytoGAPDH 	 nucGAPDH 	nucArea 	 nucIntensityTotal 	 nucIntensityAvg 	numCyclin 	 totalRNA 	 cytoRNA 	 nucRNA 	numTxnSites 	 avgIntron 	 avgExon 	 numRnaPerTxnSiteAvgExon 
CRL2097_Senescent	IER2	131118	1	1	5918.698502	5605.109375	4006	3743	263	375.406250	22613437.000000	941.206901	10	92	59	33	7	569.419421	503.183373	1.069836
CRL2097_Senescent	IER2	131118	2	1	2807.463260	3000.171875	2724	2557	167	248.062500	19860783.000000	1250.994142	2	20	9	11	2	441.508863	406.865258	0.944726
CRL2097_Senescent	IER2	131118	2	2	4075.957729	2464.078125	3733	3433	300	236.156250	15564572.000000	1029.811565	7	25	18	7	0	0.000000	0.000000	0.000000
CRL2097_Senescent	IER2	131118	3	1	4130.264972	2670.718750	3672	3419	253	235.406250	19451921.000000	1291.113832	7	42	31	11	5	439.316984	581.949907	1.212730
CRL2097_Senescent	IER2	131118	4	1	3724.299489	3618.734375	2922	2752	170	259.046875	18706630.000000	1128.332831	1	18	11	7	4	543.990535	562.291889	1.130381
CRL2097_Senescent	IER2	131118	5	1	2481.571679	1942.515625	1722	1583	139	193.968750	17241150.000000	1388.847269	7	30	20	10	2	356.742808	277.036689	0.607460
CRL2097_Senescent	IER2	131118	6	1	2268.024026	1975.656250	2138	1977	161	194.937500	18069748.000000	1448.360693	5	61	34	27	5	620.761949	581.826047	1.237841
CRL2097_Senescent	IER2	131118	7	1	2920.078990	6725.046875	2217	2044	173	321.703125	20869256.000000	1013.611929	3	96	53	43	10	623.601354	807.651491	1.538846
CRL2097_Senescent	IER2	131118	8	1	1651.806621	4505.156250	1313	1227	86	276.250000	19560565.000000	1106.366799	4	61	32	29	5	600.230986	563.198477	0.227166
CRL2097_Senescent	IER2	131118	9	1	4359.140716	5027.656250	2628	2414	214	353.500000	23096198.000000	1020.871552	7	30	13	17	9	594.451914	721.817023	1.629752
CRL2097_Senescent	IER2	131118	10	1	4710.291128	4393.781250	2982	2833	149	288.062500	19389290.000000	1051.708071	4	39	22	17	3	487.316682	720.429716	1.669015
CRL2097_Senescent	IER2	131118	11	1	3785.334200	5655.593750	3630	3422	208	324.531250	20481010.000000	986.086182	9	60	32	28	14	546.914347	646.558504	0.663563
CRL2097_Senescent	IER2	131118	12	1	5327.338980	5600.546875	4980	4691	289	379.359375	41000066.000000	1688.704889	7	159	88	71	12	527.018432	519.827191	1.048599
CRL2097_Senescent	IER2	131118	13	1	4418.230651	3514.906250	3046	2836	210	311.265625	21018448.000000	1055.090006	4	26	11	15	5	638.933792	475.573852	0.875017
CRL2097_Senescent	IER2	131118	14	1	4221.772094	3907.296875	3542	3315	227	280.703125	19855291.000000	1105.220763	6	79	61	18	3	477.250475	426.086348	0.845673
CRL2097_Senescent	IER2	131118	15	1	4473.913780	5446.593750	3693	3347	346	361.078125	22907347.000000	991.273833	6	61	21	40	5	660.324417	571.165052	1.229337
CRL2097_Senescent	IER2	131118	16	1	4242.221247	4367.000000	2620	2446	174	294.625000	21122582.000000	1120.204815	9	22	12	10	5	596.946889	609.707156	1.322751
CRL2097_Senescent	IER2	131118	17	1	6465.885484	5892.515625	4915	4611	304	348.906250	21668200.000000	970.362741	3	108	54	54	9	623.778509	588.486804	1.189258
CRL2097_Senescent	IER2	131118	18	1	3664.516376	5881.078125	2624	2506	118	330.921875	21841336.000000	1031.273242	3	33	16	17	5	724.082797	613.128872	1.025412
CRL2097_Senescent	IER2	131118	19	1	3107.022726	3849.562500	3305	3119	186	238.890625	19421155.000000	1270.269802	3	25	14	11	3	671.680959	647.786332	1.100169
CRL2097_Senescent	IER2	131118	20	1	2737.699945	3977.703125	2796	2560	236	321.140625	21840975.000000	1062.666034	7	82	41	41	5	759.861472	804.293235	1.452914
CRL2097_Senescent	IER2	131118	21	1	3228.699324	3216.953125	3918	3574	344	294.312500	20508821.000000	1088.809779	14	124	97	27	1	541.205692	446.301123	0.820118
CRL2097_Senescent	IER2	131118	22	1	5462.172883	4415.328125	4087	3779	308	367.937500	20874197.000000	886.453075	2	93	62	31	7	692.080790	785.007057	1.420258
CRL2097_Senescent	IER2	131118	24	1	3691.088907	3985.171875	2817	2652	165	263.609375	20128381.000000	1193.075751	7	31	18	13	2	561.957491	662.491033	1.168765
CRL2097_Senescent	IER2	131118	26	1	2598.741728	2924.984375	2869	2628	241	233.171875	21079499.000000	1412.551029	3	31	12	19	3	546.189260	561.973852	0.932053
CRL2097_Senescent	IER2	131118	27	1	3063.541688	3924.125000	2641	2388	253	256.015625	19876028.000000	1213.062435	4	28	17	11	0	0.000000	0.000000	0.000000
CRL2097_Senescent	IER2	131118	28	1	2226.520674	2396.312500	2587	2316	271	281.531250	20646205.000000	1145.865523	4	36	18	18	8	643.071188	688.966600	1.030832
CRL2097_Senescent	IER2	131118	29	1	4962.535434	3722.390625	3948	3685	263	255.593750	20731043.000000	1267.333598	7	88	56	32	3	1390.687203	1391.411967	2.383815
CRL2097_Senescent	IER2	131118	30	1	2457.260544	3660.953125	2350	2211	139	229.343750	20856102.000000	1420.908979	4	51	29	22	2	660.565621	879.612677	1.647317
CRL2097_Senescent	IER2	131118	31	1	2035.757727	1901.468750	2035	1862	173	214.515625	22290962.000000	1623.640615	3	31	19	12	3	543.307786	775.100478	1.373277
CRL2097_Senescent	IER2	131118	34	1	2025.669213	2838.562500	2097	1964	133	249.109375	18700691.000000	1172.971900	3	27	14	13	2	548.056161	530.278010	0.925015
CRL2097_Senescent	IER2	131118	36	1	1843.280814	3324.562500	2560	2407	153	221.000000	19153629.000000	1354.187571	29	46	26	20	1	582.246198	440.863476	0.778588
CRL2097_Senescent	IER2	131118	39	1	3339.563051	1955.156250	2812	2637	175	221.046875	19143533.000000	1353.186753	9	117	51	66	4	652.268717	625.224328	1.150112
CRL2097_Senescent	IER2	131118	40	1	3092.497961	3937.921875	2486	2331	155	259.906250	20490379.000000	1231.837141	9	31	11	20	6	487.522844	455.170230	0.976333
CRL2097_Senescent	IER2	131118	41	1	5538.552813	5324.875000	3142	2966	176	350.515625	22636549.000000	1009.073642	3	62	43	19	10	601.434366	605.848716	0.964940
CRL2097_Senescent	IER2	131118	43	1	2382.957763	2105.437500	2542	2301	241	217.109375	16400151.000000	1180.291544	5	20	9	11	0	0.000000	0.000000	0.000000
CRL2097_Senescent	IER2	131118	44	1	1836.885449	2876.468750	2300	2166	134	202.656250	20141095.000000	1552.898612	64	23	16	7	1	576.984742	755.800508	0.486293
CRL2097_Senescent	EEF2	131119	1	1	2286.682815	2642.187500	2373	2202	171	222.046875	19122001.000000	1345.577440	7	965	908	57	2	405.977884	1365.691771	1.961348
CRL2097_Senescent	EEF2	131119	2	1	3101.723693	3410.406250	2922	2719	203	235.781250	18670099.000000	1237.249768	3	1063	994	69	2	853.247920	1487.912785	2.201132
CRL2097_Senescent	EEF2	131119	3	1	3014.796586	4586.906250	2181	2020	161	266.468750	19603383.000000	1149.488859	3	597	544	53	1	460.447576	522.145852	0.749405
CRL2097_Senescent	EEF2	131119	4	1	1403.416293	1757.968750	1282	1137	145	197.359375	17075461.000000	1351.869290	3	541	487	54	2	685.828696	1317.870903	2.159789
CRL2097_Senescent	EEF2	131119	4	2	2699.158227	2524.703125	2778	2498	280	247.828125	18887295.000000	1190.801021	12	1043	960	83	2	1843.430262	3225.159098	4.208068
CRL2097_Senescent	EEF2	131119	5	1	5405.793141	4751.921875	3678	3384	294	296.796875	19991002.000000	1052.434957	8	1860	1758	102	2	1433.267730	1734.223730	2.450706
CRL2097_Senescent	EEF2	131119	6	1	6322.146456	4586.171875	3215	2868	347	370.906250	21747993.000000	916.167874	9	1607	1496	111	2	918.017550	1675.449176	2.528226
CRL2097_Senescent	EEF2	131119	7	1	4707.337224	3485.453125	3327	3136	191	236.046875	18755988.000000	1241.542861	38	1377	1296	81	3	704.974415	1342.407992	1.953634
CRL2097_Senescent	EEF2	131119	7	2	2644.801689	3004.187500	2601	2414	187	228.500000	21067189.000000	1440.590057	7	768	699	69	2	1323.753645	2890.131149	3.780291
CRL2097_Senescent	EEF2	131119	8	1	3935.101545	4491.093750	2998	2797	201	232.796875	20073064.000000	1347.275925	6	1053	985	68	2	1400.538987	2472.878435	3.299595
CRL2097_Senescent	EEF2	131119	9	1	4091.162161	4372.875000	3705	3458	247	269.031250	21241715.000000	1233.692357	10	1333	1257	76	3	1645.765537	2861.812325	3.464948
CRL2097_Senescent	EEF2	131119	10	1	2414.968089	2178.843750	2867	2571	296	252.171875	35380856.000000	2192.258256	5	940	879	61	2	768.519358	921.465521	1.251730
CRL2097_Senescent	EEF2	131119	11	1	3770.458696	3960.531250	4328	3997	331	336.093750	41315155.000000	1920.741748	12	1291	1196	95	5	693.820455	1415.543201	1.862731
CRL2097_Senescent	EEF2	131119	12	1	2924.237473	3742.062500	3266	3065	201	274.859375	33093438.000000	1881.270991	103	1292	1211	81	2	1775.238111	3024.933341	3.955028
CRL2097_Senescent	EEF2	131119	13	1	4917.954761	6208.890625	2494	2322	172	293.156250	21396466.000000	1140.414988	6	1433	1370	63	2	1100.800308	2184.289964	2.964793
CRL2097_Senescent	EEF2	131119	14	1	3921.421323	5674.250000	3220	2960	260	252.781250	20118453.000000	1243.568612	2	1228	1158	70	2	1457.993215	2438.274499	3.318192
CRL2097_Senescent	EEF2	131119	15	1	5013.999664	7565.484375	3626	3401	225	313.781250	21867383.000000	1088.904641	1	1350	1250	100	2	617.184760	1444.235143	2.086024
CRL2097_Senescent	EEF2	131119	16	1	2589.242356	4000.078125	2377	2265	112	209.671875	18988120.000000	1415.017512	2	1049	996	53	3	554.602963	1079.487332	1.394665
CRL2097_Senescent	EEF2	131119	17	1	2265.495985	2188.031250	2510	2232	278	224.765625	18840463.000000	1309.729788	5	671	609	62	2	889.193817	1954.693793	2.696333
CRL2097_Senescent	EEF2	131119	18	1	5013.106640	3490.796875	2941	2716	225	245.265625	18694092.000000	1190.934064	8	925	838	87	2	783.019833	2094.311570	2.758710
CRL2097_Senescent	EEF2	131119	19	1	5587.803249	3662.671875	3528	3267	261	309.015625	18191065.000000	919.809122	6	1084	1026	58	2	1043.675039	2497.962100	3.581257
CRL2097_Senescent	EEF2	131119	20	1	5862.418564	6822.359375	5163	4859	304	430.218750	41130875.000000	1493.821276	13	2353	2225	128	4	1009.617295	2723.871289	3.775586
CRL2097_Senescent	EEF2	131119	21	1	1631.742121	3419.531250	1915	1800	115	248.765625	20787854.000000	1305.687708	5	935	885	50	1	490.146530	1986.846003	2.678818
CRL2097_Senescent	EEF2	131119	22	1	3289.661227	2747.093750	2586	2385	201	294.578125	19326909.000000	1025.137060	2	1117	1028	89	2	912.189153	2149.849866	2.985833
CRL2097_Senescent	EEF2	131119	23	1	2678.175244	4404.765625	2896	2681	215	264.187500	18667616.000000	1104.070026	1	1337	1248	89	2	1020.842139	1977.648950	2.719960
CRL2097_Senescent	EEF2	131119	24	1	6080.366293	3790.890625	3861	3620	241	346.453125	19647873.000000	886.117034	97	1470	1377	93	1	1622.228386	4405.981868	7.470050
CRL2097_Senescent	EEF2	131119	24	2	3119.051882	2769.046875	2700	2488	212	260.718750	20383556.000000	1221.596308	16	1065	981	84	3	645.026727	1131.755011	1.449094
CRL2097_Senescent	EEF2	131119	26	1	2086.405307	3183.250000	1599	1410	189	222.531250	19475117.000000	1367.442564	7	670	596	74	2	889.711094	1196.389432	1.530816
CRL2097_Senescent	EEF2	131119	27	1	3064.978160	4189.906250	2528	2373	155	259.593750	19159786.000000	1153.231371	5	1089	1022	67	2	795.973657	1229.137799	1.720450
CRL2097_Senescent	EEF2	131119	28	1	3307.542302	3551.234375	3154	2915	239	252.468750	18406618.000000	1139.164377	6	1474	1383	91	4	454.526610	1518.253342	2.090306
CRL2097_Senescent	EEF2	131119	29	1	2791.585597	2986.062500	2976	2737	239	267.515625	35642707.000000	2081.812219	120	935	856	79	2	801.242157	1540.122576	2.162640
CRL2097_Senescent	EEF2	131119	30	1	3928.805127	3700.734375	4102	3941	161	364.656250	52409859.000000	2245.687677	156	1296	1217	79	6	561.462447	1249.332894	1.888918
CRL2097_Senescent	EEF2	131119	31	1	5804.229887	4955.796875	3512	3286	226	384.140625	21006144.000000	854.429286	27	1654	1569	85	2	1020.834996	1479.654693	2.137195
CRL2097_Senescent	EEF2	131119	32	1	1735.901703	3197.296875	2498	2328	170	246.187500	19607161.000000	1244.425044	3	1125	1033	92	2	927.673623	2051.901757	2.437369
CRL2097_Senescent	EEF2	131119	34	1	1928.386276	3402.906250	2563	2427	136	210.359375	19546396.000000	1451.860358	28	872	827	45	2	998.348704	2186.307142	2.949493
CRL2097_Senescent	EEF2	131119	35	1	1907.990779	1783.250000	2053	1878	175	177.703125	19291604.000000	1696.263431	21	690	640	50	2	939.224173	2854.759180	3.589939
CRL2097_Senescent	EEF2	131119	36	1	3366.885827	3043.250000	2260	2013	247	253.890625	18605309.000000	1145.012555	5	1088	986	102	2	1616.592094	3036.634916	4.286117
CRL2097_Senescent	EEF2	131119	37	1	3103.062540	3050.890625	2130	1978	152	269.234375	19768196.000000	1147.246010	6	1262	1186	76	3	622.784305	1130.284831	1.604310
CRL2097_Senescent	EEF2	131119	38	1	2615.901461	3444.281250	2098	1957	141	229.578125	18606501.000000	1266.351392	4	922	869	53	3	879.994426	1287.156063	1.771890
CRL2097_Senescent	EEF2	131119	39	1	3013.093004	4659.015625	2757	2648	109	267.828125	20482726.000000	1194.955137	3	1318	1253	65	2	1664.560263	2928.304719	4.196589
CRL2097_Senescent	UBC	131120	1	1	2420.598409	3099.265625	2896	2718	178	240.875000	19795955.000000	1284.117475	2	765	711	54	2	5387.974130	7905.199527	6.099011
CRL2097_Senescent	UBC	131120	2	1	5264.982924	7112.750000	3648	3372	276	352.234375	21751721.000000	964.899126	10	837	744	93	1	5076.269716	6554.592675	4.656271
CRL2097_Senescent	UBC	131120	3	1	4116.324180	4037.125000	3245	3034	211	249.031250	18743470.000000	1176.023968	1	565	525	40	2	4223.898258	4231.713112	3.218025
CRL2097_Senescent	UBC	131120	4	1	3092.961990	2769.609375	2951	2638	313	243.250000	19342795.000000	1242.471416	4	368	333	35	1	1008.673156	1878.960191	1.468846
CRL2097_Senescent	UBC	131120	5	1	3009.773309	3266.671875	2294	2098	196	256.125000	20867975.000000	1273.058504	1	364	327	37	1	1479.916680	2259.519126	1.716630
CRL2097_Senescent	UBC	131120	6	1	5115.851516	5360.718750	4037	3639	398	276.484375	21891796.000000	1237.174117	4	667	588	79	3	1780.906428	2634.163011	1.862874
CRL2097_Senescent	UBC	131120	8	1	3090.891633	3863.593750	2369	2207	162	239.375000	21336697.000000	1392.734791	5	611	562	49	1	1599.915434	3736.908743	2.468508
CRL2097_Senescent	UBC	131120	9	1	3674.008863	4136.562500	2623	2485	138	302.968750	23396685.000000	1206.636668	5	864	798	66	2	5318.843137	9328.744365	6.111007
CRL2097_Senescent	UBC	131120	10	1	3179.889311	4193.890625	2728	2548	180	284.312500	23616068.000000	1297.871400	2	624	583	41	1	2562.877752	5163.776537	3.772165
CRL2097_Senescent	UBC	131120	11	1	2158.995932	3175.703125	2140	1953	187	284.250000	21699902.000000	1192.826627	4	541	472	69	2	2304.939456	4381.245206	2.843758
CRL2097_Senescent	UBC	131120	12	1	4954.026732	5850.468750	2936	2772	164	370.937500	24752129.000000	1042.633909	11	1095	1041	54	3	1652.342225	3551.417100	2.514124
CRL2097_Senescent	UBC	131120	13	1	4960.066754	5068.734375	4164	3917	247	276.531250	20946697.000000	1183.562945	6	690	653	37	2	2489.727475	4100.502264	2.631994
CRL2097_Senescent	UBC	131120	14	1	3367.257413	3733.203125	3081	2647	434	262.109375	20263005.000000	1207.928763	9	442	371	71	2	3376.783911	4530.390585	3.063119
CRL2097_Senescent	UBC	131120	15	1	4391.310327	5931.703125	3103	2919	184	283.375000	20745505.000000	1143.885366	8	824	762	62	5	1332.758033	1863.653577	1.281708
CRL2097_Senescent	UBC	131120	16	1	4751.644584	4822.828125	2975	2774	201	291.453125	22130874.000000	1186.451187	7	650	619	31	2	3080.923299	4292.142522	3.011985
CRL2097_Senescent	UBC	131120	17	1	3874.924493	5288.453125	2307	2140	167	300.687500	23638666.000000	1228.365517	6	479	448	31	2	1733.123174	2182.222186	1.515230
CRL2097_Senescent	UBC	131120	18	1	5190.918553	9213.125000	3432	3225	207	289.609375	21742664.000000	1173.059833	5	965	933	32	3	1335.465350	1691.883339	1.104572
CRL2097_Senescent	UBC	131120	19	1	2414.007832	2713.984375	2176	2046	130	193.187500	19441078.000000	1572.393885	1	369	345	24	2	2294.123968	2927.052355	1.975874
CRL2097_Senescent	UBC	131120	20	1	1827.951529	2270.171875	2465	2291	174	227.515625	22371988.000000	1536.432113	6	428	380	48	5	1388.736093	1924.283277	1.191346
CRL2097_Senescent	UBC	131120	21	1	4491.885430	7054.109375	3629	3444	185	326.796875	21371361.000000	1021.819794	6	694	646	48	3	3542.307482	3874.962669	2.473522
CRL2097_Senescent	UBC	131120	22	1	5242.066532	3387.234375	3297	3074	223	270.562500	20671879.000000	1193.802206	2	587	529	58	1	1381.450606	2084.582427	1.427254
CRL2097_Senescent	UBC	131120	23	1	1937.454664	2381.343750	1761	1582	179	197.625000	19775699.000000	1563.543564	4	348	316	32	2	2807.365127	3058.801935	2.249888
CRL2097_Senescent	UBC	131120	24	1	5614.254939	7926.328125	3864	3625	239	331.265625	22260750.000000	1049.985850	5	627	580	47	3	1952.809076	3099.259411	2.098512
CRL2097_Senescent	UBC	131120	25	1	4514.637554	6335.843750	2650	2378	272	321.609375	22238479.000000	1080.429432	6	576	520	56	2	3777.571638	6837.373188	4.700830
CRL2097_Senescent	UBC	131120	26	1	3752.416951	4041.359375	4380	4045	335	307.156250	39714402.000000	2020.266660	2	695	644	51	5	1797.536657	2540.886030	1.886060
CRL2097_Senescent	UBC	131120	27	1	3595.004911	3474.375000	2763	2567	196	228.484375	16551804.000000	1131.902072	8	432	395	37	4	1239.165607	1485.071851	1.272440
CRL2097_Senescent	UBC	131120	27	2	5122.301173	5620.812500	3750	3579	171	302.671875	21497134.000000	1109.758608	11	781	737	44	2	6864.152882	9431.544122	5.819461
CRL2097_Senescent	UBC	131120	28	1	2733.358399	2223.890625	3022	2723	299	230.859375	19662649.000000	1330.805347	6	594	562	32	1	1208.981328	1957.820483	1.391255
CRL2097_Senescent	UBC	131120	28	2	3069.448104	2456.640625	3284	2993	291	263.875000	35911646.000000	2126.459379	12	540	500	40	3	1771.422575	2689.933461	1.994609
CRL2097_Senescent	UBC	131120	29	1	2814.091447	3177.828125	2711	2484	227	272.140625	21145617.000000	1214.079176	6	578	529	49	3	1480.899095	2904.312946	2.566155
CRL2097_Senescent	UBC	131120	30	1	3287.405855	3554.406250	3259	3048	211	290.312500	22334733.000000	1202.084661	3	606	537	69	1	1755.198273	1814.096326	1.363195
CRL2097_Senescent	UBC	131120	31	1	3004.895867	2974.812500	2920	2687	233	217.421875	18407418.000000	1322.847143	7	662	611	51	2	2280.568262	4879.727087	3.609920
CRL2097_Senescent	UBC	131120	32	1	3572.530663	2874.171875	3244	3044	200	257.703125	19984169.000000	1211.675802	6	598	554	44	2	1773.343133	2728.970648	1.930767
CRL2097_Senescent	UBC	131120	33	1	5652.083574	5938.390625	3808	3536	272	340.828125	20788907.000000	953.051254	4	698	658	40	2	3553.063020	6004.785635	3.934946
CRL2097_Senescent	UBC	131120	34	1	6563.113126	8693.296875	4810	4557	253	298.078125	21051091.000000	1103.480159	19	1234	1172	62	3	3332.685074	3337.272130	2.282658
CRL2097_Senescent	USF2	131120	1	1	3047.780167	3222.203125	2923	2511	412	252.187500	18925256.000000	1172.568525	59	45	32	13	1	382.484085	990.814129	1.357082
CRL2097_Senescent	USF2	131120	2	1	3916.424887	4215.656250	2194	2000	194	280.203125	16186482.000000	902.608710	9	57	39	18	2	304.742287	715.464731	1.040859
CRL2097_Senescent	USF2	131120	3	1	3265.864620	2987.234375	3930	3659	271	252.468750	15818605.000000	978.995235	4	61	39	22	1	228.088400	331.326825	0.445688
CRL2097_Senescent	USF2	131120	4	1	3060.996798	5599.890625	3098	2904	194	280.875000	15028494.000000	836.031041	3	44	35	9	1	245.867407	458.077495	0.608007
CRL2097_Senescent	USF2	131120	5	1	1579.219928	2755.781250	2186	2005	181	226.343750	17276237.000000	1192.616112	10	31	24	7	0	0.000000	0.000000	0.000000
CRL2097_Senescent	USF2	131120	5	2	2329.157895	2876.656250	2643	2508	135	244.171875	13689006.000000	875.984258	1	34	27	7	1	178.916558	525.256388	0.677541
CRL2097_Senescent	USF2	131120	6	1	1376.330709	1705.046875	2012	1758	254	183.656250	14556370.000000	1238.418411	50	36	26	10	1	353.023837	887.293283	1.150804
CRL2097_Senescent	USF2	131120	7	1	4681.785904	4467.937500	3018	2800	218	337.312500	18006834.000000	834.113118	4	56	35	21	0	0.000000	0.000000	0.000000
CRL2097_Senescent	USF2	131120	8	1	6123.859302	5245.968750	4174	3914	260	321.234375	16804976.000000	817.402403	10	68	59	9	0	0.000000	0.000000	0.000000
CRL2097_Senescent	USF2	131120	9	1	7659.886631	6591.515625	4855	4516	339	400.234375	17123296.000000	668.487058	9	89	76	13	1	387.728245	1441.061264	1.663728
CRL2097_Senescent	USF2	131120	10	1	6564.310095	6005.328125	4496	4078	418	369.359375	18088866.000000	765.212826	12	103	81	22	1	394.590822	723.621645	0.836420
CRL2097_Senescent	USF2	131120	11	1	5878.537527	6565.156250	4596	4371	225	299.375000	17574969.000000	917.273956	4	51	46	5	0	0.000000	0.000000	0.000000
CRL2097_Senescent	USF2	131120	12	1	2468.856968	3243.687500	2328	2154	174	227.390625	16554790.000000	1137.551708	2	47	35	12	0	0.000000	0.000000	0.000000
CRL2097_Senescent	USF2	131120	13	1	1939.623320	2647.312500	2044	1887	157	218.375000	16192307.000000	1158.579493	11	32	22	10	0	0.000000	0.000000	0.000000
CRL2097_Senescent	USF2	131120	14	1	4850.907068	5183.656250	4006	3754	252	306.843750	16555346.000000	843.026072	8	54	45	9	1	516.447650	1125.181319	1.350981
CRL2097_Senescent	USF2	131120	15	1	2576.508994	2488.843750	2819	2627	192	227.640625	15498505.000000	1063.800192	2	39	24	15	0	0.000000	0.000000	0.000000
CRL2097_Senescent	USF2	131120	16	1	4735.148069	4804.640625	3455	3272	183	312.890625	16782729.000000	838.088839	28	57	51	6	1	479.317414	1125.956631	1.340118
CRL2097_Senescent	USF2	131120	17	1	2407.611552	3268.390625	2554	2400	154	229.109375	16458357.000000	1122.441315	7	53	36	17	0	0.000000	0.000000	0.000000
CRL2097_Senescent	USF2	131120	18	1	8434.622898	8960.921875	4187	3905	282	353.218750	16421198.000000	726.408830	24	95	79	16	1	495.947185	552.034177	0.704074
CRL2097_Senescent	USF2	131120	19	1	4937.483260	3175.875000	2688	2448	240	281.500000	15303439.000000	849.436001	5	26	16	10	1	500.854577	882.451279	1.282262
CRL2097_Senescent	USF2	131120	20	1	5480.683841	3535.656250	3785	3512	273	278.859375	16194928.000000	907.431389	6	51	38	13	2	311.164452	492.933014	0.613816
CRL2097_Senescent	USF2	131120	21	1	2486.713798	3488.156250	2015	1820	195	288.937500	17427246.000000	942.420831	6	58	49	9	1	241.814343	368.915340	0.428019
CRL2097_Senescent	USF2	131120	22	1	5156.458967	5440.375000	3164	2945	219	308.468750	16102041.000000	815.623594	6	58	39	19	0	0.000000	0.000000	0.000000
CRL2097_Senescent	USF2	131120	23	1	3400.977859	2673.734375	3337	3077	260	222.500000	15682229.000000	1101.280126	8	42	37	5	0	0.000000	0.000000	0.000000
CRL2097_Senescent	USF2	131120	24	1	2041.383585	2000.906250	2201	1973	228	191.531250	14611135.000000	1191.967287	8	35	29	6	0	0.000000	0.000000	0.000000
CRL2097_Senescent	USF2	131120	25	1	2200.729801	2058.468750	2461	2214	247	226.531250	19415371.000000	1339.175817	98	39	29	10	0	0.000000	0.000000	0.000000
CRL2097_Senescent	USF2	131120	26	1	2342.313965	2378.531250	1786	1672	114	223.109375	15323095.000000	1073.121017	7	33	21	12	1	610.496677	1319.280767	1.620193
CRL2097_Senescent	USF2	131120	27	1	6221.109528	5939.296875	4202	3924	278	314.625000	18116913.000000	899.727503	11	75	64	11	0	0.000000	0.000000	0.000000
CRL2097_Senescent	USF2	131120	28	1	3341.237533	1764.281250	2276	2083	193	206.953125	13401749.000000	1011.834579	6	32	24	8	2	247.531487	601.199447	0.853563
CRL2097_Senescent	USF2	131120	28	2	2974.982341	1619.750000	2630	2426	204	247.609375	25481914.000000	1607.996088	139	36	29	7	1	298.754172	503.558853	0.556246
CRL2097_Senescent	USF2	131120	29	1	3912.749166	3955.109375	3093	2858	235	253.140625	15961912.000000	985.242392	2	31	23	8	0	0.000000	0.000000	0.000000
CRL2097_Senescent	USF2	131120	30	1	6768.638124	5324.687500	5056	4753	303	320.531250	15199244.000000	740.920542	8	122	95	27	2	425.471884	814.414336	1.013921
CRL2097_Senescent	USF2	131120	31	1	4979.041987	5102.906250	4124	3733	391	349.875000	29473497.000000	1316.251206	5	78	55	23	1	375.098124	762.435073	0.986825
CRL2097_Senescent	USF2	131120	32	1	1232.453377	1261.656250	1243	996	247	257.171875	13897214.000000	844.353484	4	38	28	10	1	347.050768	1411.823132	1.861612
CRL2097_Senescent	USF2	131120	32	2	1729.813841	2080.203125	1905	1757	148	222.718750	14087841.000000	988.342991	5	21	16	5	0	0.000000	0.000000	0.000000
CRL2097_Senescent	USF2	131120	33	1	6238.681630	5498.078125	4243	3990	253	301.671875	15406880.000000	797.994510	6	56	51	5	0	0.000000	0.000000	0.000000
CRL2097_Senescent	USF2	131120	34	1	3760.780624	2825.640625	2688	2373	315	325.718750	15488045.000000	742.974432	10	40	28	12	2	219.004872	742.637854	1.082109
CRL2097_Senescent	USF2	131120	35	1	3832.563293	3041.640625	3045	2815	230	237.156250	15811145.000000	1041.714653	4	46	33	13	1	253.607738	307.241566	0.370251
CRL2097_Senescent	USF2	131120	36	1	6702.906852	5849.125000	4333	4053	280	299.671875	29869711.000000	1557.417540	4	80	66	14	1	293.868552	402.926099	0.476897
CRL2097_Senescent	USF2	131120	37	1	3480.593736	4967.781250	2520	2359	161	268.046875	16615682.000000	968.562052	3	51	38	13	0	0.000000	0.000000	0.000000
CRL2097_Senescent	USF2	131120	38	1	6803.779154	6423.765625	4704	4349	355	376.593750	16925644.000000	702.250602	9	74	54	20	0	0.000000	0.000000	0.000000
CRL2097_Senescent	USF2	131120	40	1	4046.441818	4324.984375	2357	2129	228	317.875000	16830983.000000	827.319259	11	37	27	10	0	0.000000	0.000000	0.000000
CRL2097_Senescent	USF2	131120	41	1	4002.245010	6546.562500	2465	2252	213	348.296875	18818089.000000	844.201202	5	61	45	16	0	0.000000	0.000000	0.000000
CRL2097_Senescent	USF2	131120	42	1	3011.336344	4645.968750	3036	2883	153	287.656250	15350156.000000	833.794460	12	50	36	14	0	0.000000	0.000000	0.000000
CRL2097_Senescent	EEF2	140128	1	1	8298.790294	2724.625000	3447	3222	225	254.640625	3962464.000000	243.140701	193	904	862	42	1	178.880636	625.538396	1.947254
CRL2097_Senescent	EEF2	140128	2	1	4572.308514	3655.062500	3436	3072	364	385.109375	4453370.000000	180.686088	90	1395	1277	118	3	290.513698	787.291966	2.841013
CRL2097_Senescent	EEF2	140128	3	1	9505.522807	4766.000000	4445	4004	441	363.343750	4094035.000000	176.057237	231	1558	1451	107	2	420.051526	823.158158	2.881151
CRL2097_Senescent	EEF2	140128	4	1	14001.586574	8859.218750	6053	5588	465	364.312500	3913145.000000	167.830889	11	1477	1371	106	3	455.200994	883.275325	3.012550
CRL2097_Senescent	EEF2	140128	5	1	2896.357492	2729.937500	1772	1625	147	229.218750	2098054.000000	143.016633	14	586	531	55	2	319.825130	755.728269	2.596232
CRL2097_Senescent	EEF2	140128	6	1	7829.933683	3137.312500	2406	2196	210	282.140625	1622675.000000	89.864042	7	896	822	74	2	498.369521	848.763455	3.336340
CRL2097_Senescent	EEF2	140128	6	2	8869.526101	5132.375000	5230	4923	307	301.234375	3357274.000000	174.141501	5	1544	1434	110	1	750.188189	1876.535046	5.878704
CRL2097_Senescent	EEF2	140128	7	1	8124.517568	3599.046875	4442	4147	295	234.703125	2758540.000000	183.645563	9	1408	1300	108	3	416.072403	811.136277	3.211790
CRL2097_Senescent	EEF2	140128	8	1	15949.666789	6627.578125	6039	5530	509	480.828125	4393551.000000	142.772918	11	1736	1569	167	3	488.718802	904.185291	3.031695
CRL2097_Senescent	EEF2	140128	9	1	4627.571158	4755.125000	1705	1507	198	328.390625	2164376.000000	102.982157	24	876	815	61	2	826.691646	1404.213268	4.473077
CRL2097_Senescent	EEF2	140128	10	1	3665.172493	2667.750000	1973	1790	183	185.421875	1786962.000000	150.582456	18	797	750	47	2	492.966295	728.806290	2.488677
CRL2097_Senescent	EEF2	140128	11	1	9648.296593	5402.000000	3460	3144	316	336.109375	3392808.000000	157.724327	14	1121	1028	93	2	494.597840	1082.972001	3.942089
CRL2097_Senescent	EEF2	140128	12	1	4460.805975	2168.281250	2083	1819	264	243.750000	1937835.000000	124.220192	4	904	825	79	3	569.224510	1276.176060	4.657019
CRL2097_Senescent	EEF2	140128	13	1	6539.230103	2744.984375	4571	4077	494	284.640625	3149768.000000	172.902673	14	1501	1377	124	2	608.099641	1032.594855	3.669792
CRL2097_Senescent	EEF2	140128	14	1	6532.540663	6552.109375	3980	3756	224	370.875000	3493056.000000	147.162791	11	1623	1523	100	2	615.382854	1143.070032	3.854922
CRL2097_Senescent	EEF2	140128	15	1	12291.921960	5833.156250	4233	3891	342	263.843750	3006779.000000	178.063425	11	1484	1379	105	2	337.827958	566.816190	1.910294
CRL2097_Senescent	EEF2	140128	16	1	2384.731795	1593.265625	1958	1765	193	206.390625	2433107.000000	184.200696	86	831	755	76	3	499.202229	1056.031697	3.589684
CRL2097_Senescent	EEF2	140128	17	1	5103.398536	1965.500000	2355	2183	172	235.000000	2820436.000000	187.528989	4	619	578	41	2	411.122731	994.464310	3.078534
CRL2097_Senescent	EEF2	140128	17	2	2796.567795	1434.421875	1328	1216	112	187.593750	1462123.000000	121.782692	8	533	495	38	2	332.563686	858.226257	3.591247
CRL2097_Senescent	EEF2	140128	18	1	8673.768637	4075.453125	4020	3434	586	282.234375	2102052.000000	116.373360	3	1151	1044	107	3	489.544061	1464.115264	5.803108
CRL2097_Senescent	EEF2	140128	19	1	8858.284028	4383.390625	1660	1466	194	367.968750	5389325.000000	228.846072	7	605	525	80	2	747.333643	1311.155651	4.945120
CRL2097_Senescent	EEF2	140128	20	1	7835.605311	4061.234375	3904	3644	260	303.078125	3323586.000000	171.345363	10	1463	1389	74	2	527.366517	1121.616032	3.790429
CRL2097_Senescent	EEF2	140128	21	1	8257.968023	4169.437500	2235	2038	197	251.750000	1739958.000000	107.991435	4	962	873	89	2	547.748072	1517.244660	6.430366
CRL2097_Senescent	EEF2	140128	22	1	6311.475018	3242.031250	2767	2565	202	268.437500	1979222.000000	115.205006	4	1088	1012	76	2	628.547379	1312.099092	4.213725
CRL2097_Senescent	EEF2	140128	23	1	7229.801170	3558.218750	2812	2636	176	252.796875	1904751.000000	117.729835	11	798	742	56	2	401.599530	759.190775	2.558019
CRL2097_Senescent	EEF2	140128	24	1	5576.963643	4615.515625	4583	3843	740	442.140625	5332002.000000	188.429940	8	2225	1857	368	3	596.312093	1083.467118	3.584211
CRL2097_Senescent	EEF2	140128	25	1	2613.501115	3156.890625	1334	1160	174	288.125000	2007681.000000	108.876410	9	524	477	47	2	428.603622	794.947478	2.619437
CRL2097_Senescent	EEF2	140128	26	1	9873.501604	4984.109375	4930	4576	354	290.781250	3127019.000000	168.028963	9	1576	1466	110	2	696.622108	1235.805683	4.308034
CRL2097_Senescent	EEF2	140128	27	1	10643.837838	4233.781250	3859	3558	301	309.750000	3023935.000000	152.539094	6	1272	1192	80	3	472.296733	928.249576	3.585556
CRL2097_Senescent	EEF2	140128	28	1	14297.201300	7059.375000	5003	4636	367	317.890625	2107126.000000	103.569722	11	1915	1799	116	2	325.677092	1051.205000	3.522106
CRL2097_Senescent	EEF2	140128	29	1	7658.566751	3856.546875	3421	3234	187	310.421875	3235345.000000	162.850204	314	1112	1047	65	2	341.315237	885.611348	3.496219
CRL2097_Senescent	EEF2	140128	30	1	4887.346798	3536.984375	1809	1626	183	228.906250	1809926.000000	123.544437	9	1215	1129	86	2	348.757605	730.076416	2.543848
CRL2097_Senescent	EEF2	140128	31	1	4663.147686	3668.046875	2771	2575	196	248.828125	2836980.000000	178.146311	4	1184	1112	72	2	545.410698	1183.423533	4.738683
CRL2097_Senescent	EEF2	140128	32	1	6928.865831	4480.843750	3732	3488	244	270.843750	3088921.000000	178.200127	51	1423	1353	70	2	682.171394	1240.934041	3.977714
CRL2097_Senescent	EEF2	140128	33	1	11622.683858	6375.468750	4544	4226	318	432.281250	4243676.000000	153.389576	23	1748	1604	144	5	384.694139	863.316563	2.852331
CRL2097_Senescent	EEF2	140128	34	1	2203.948695	2289.640625	2177	2043	134	242.062500	2612140.000000	168.612187	97	826	796	30	3	260.589371	592.013653	1.863991
CRL2097_Senescent	EEF2	140128	35	1	5067.176004	3196.640625	4055	3806	249	284.062500	3305857.000000	181.840319	15	1589	1478	111	2	779.298420	1869.400096	5.783010
CRL2097_Senescent	EEF2	140128	36	1	7272.270409	3857.828125	3159	2961	198	263.500000	1763457.000000	104.569319	18	1296	1230	66	2	288.159410	920.560156	3.204028
CRL2097_Senescent	EEF2	140128	37	1	3176.879524	2632.437500	1961	1824	137	213.671875	1998778.000000	146.162925	6	723	669	54	2	681.373614	985.139689	3.535922
CRL2097_Senescent	EEF2	140128	38	1	4257.067553	2189.437500	2470	2260	210	314.875000	3789711.000000	188.056322	393	1051	956	95	2	594.709439	1876.264824	6.385907
CRL2097_Senescent	UBC	140128	1	1	13423.795956	5312.015625	4122	3883	239	258.203125	2016243.000000	122.011679	3	1088	1030	58	3	668.692544	1005.361059	2.202858
CRL2097_Senescent	UBC	140128	2	1	4258.930536	4156.812500	1871	1695	176	225.687500	2203992.000000	152.588757	2	744	688	56	7	461.080182	630.778540	1.409760
CRL2097_Senescent	UBC	140128	3	1	4231.434789	4017.406250	1798	1647	151	260.015625	2295714.000000	137.955291	9	572	521	51	5	756.655499	933.757444	2.091673
CRL2097_Senescent	UBC	140128	4	1	8575.662825	4857.234375	2908	2736	172	281.750000	3370465.000000	186.915761	5	1025	958	67	4	824.590638	1062.129035	2.048974
CRL2097_Senescent	UBC	140128	5	1	8233.343072	4605.875000	2954	2719	235	217.875000	2037318.000000	146.107143	5	950	866	84	4	2028.431266	2695.639538	5.073275
CRL2097_Senescent	UBC	140128	7	1	2683.955459	2131.796875	1707	1583	124	258.562500	3818604.000000	230.759246	347	605	548	57	4	692.477794	1181.360379	2.457623
CRL2097_Senescent	UBC	140128	8	1	7312.393431	2964.609375	3107	2930	177	249.437500	2979061.000000	186.611188	79	463	438	25	3	437.069705	859.244981	1.581488
CRL2097_Senescent	UBC	140128	9	1	4414.066103	3573.718750	1744	1584	160	279.875000	2514031.000000	140.354567	11	719	645	74	6	518.407541	724.443390	1.462229
CRL2097_Senescent	UBC	140128	10	1	4645.446279	3606.125000	2023	1861	162	294.406250	2647554.000000	140.513427	2	561	509	52	4	659.452484	794.164904	1.649772
CRL2097_Senescent	UBC	140128	11	1	2772.987185	4523.343750	2702	1988	714	335.328125	4379886.000000	204.085830	209	879	702	177	3	1361.639051	1788.840737	3.802265
CRL2097_Senescent	UBC	140128	14	1	15628.243879	5545.718750	4888	4677	211	289.750000	3850900.000000	207.662856	5	1072	1010	62	2	985.973887	1820.015243	3.156506
CRL2097_Senescent	UBC	140128	15	1	23126.144489	6822.234375	4875	4529	346	319.437500	3991561.000000	195.243641	14	1087	999	88	2	692.818887	1409.432408	2.719846
CRL2097_Senescent	UBC	140128	16	1	6137.097031	6386.781250	2658	2434	224	282.000000	3863344.000000	214.059397	22	1038	886	152	0	0.000000	0.000000	0.000000
CRL2097_Senescent	UBC	140128	17	1	6970.950835	2628.906250	2613	2422	191	255.828125	2512440.000000	153.450192	46	603	557	46	5	796.724440	1348.939679	2.466753
CRL2097_Senescent	UBC	140128	18	1	4514.936240	4567.156250	2385	2206	179	296.250000	3763759.000000	198.510496	9	846	725	121	2	1025.437019	1635.338933	3.261994
CRL2097_Senescent	UBC	140128	19	1	4181.933440	3283.843750	2054	1947	107	274.531250	3935091.000000	223.966477	4	582	531	51	3	646.495575	1432.135796	3.959189
CRL2097_Senescent	UBC	140128	20	1	14543.325360	5473.843750	3917	3653	264	394.375000	6737690.000000	266.944929	11	944	855	89	5	673.598604	1471.596253	3.146675
CRL2097_Senescent	UBC	140128	21	1	5078.432181	3787.406250	1921	1763	158	227.000000	2299416.000000	158.274780	6	739	675	64	2	1070.971201	1940.545245	6.303531
CRL2097_Senescent	UBC	140128	22	1	5423.588702	4479.015625	2909	2588	321	284.328125	2553922.000000	140.348519	11	925	794	131	3	602.051769	1037.631250	1.864861
CRL2097_Senescent	UBC	140128	24	1	9023.498898	7332.953125	6226	4915	1311	265.437500	2465976.000000	145.159878	10	1225	892	333	6	525.691080	877.822610	1.726413
CRL2097_Senescent	UBC	140128	25	1	2309.603210	5599.671875	2151	1953	198	282.781250	3818538.000000	210.992264	30	938	788	150	4	571.531830	1078.733000	1.753165
CRL2097_Senescent	UBC	140128	26	1	5630.735841	7427.937500	3520	3296	224	336.500000	4226703.000000	196.262212	28	1151	1003	148	6	810.901701	1299.629340	2.091141
CRL2097_Senescent	UBC	140128	27	1	19415.531298	7154.218750	6539	5921	618	496.031250	7461683.000000	235.043250	11	1454	1277	177	6	727.465797	824.129987	1.648022
CRL2097_Senescent	UBC	140128	28	1	4693.795948	4535.875000	3424	3113	311	311.765625	5039049.000000	252.545933	195	936	841	95	2	2595.709134	3138.315117	5.222261
CRL2097_Senescent	UBC	140128	29	1	16174.983028	7025.203125	5406	5109	297	368.250000	4324189.000000	183.477130	13	1511	1401	110	2	2382.397791	3184.391241	5.108412
CRL2097_Senescent	UBC	140128	30	1	4787.685544	2032.890625	2192	1957	235	241.296875	3082232.000000	199.587645	114	343	327	16	1	798.531449	786.939687	1.420422
CRL2097_Senescent	UBC	140128	31	1	3837.050217	2689.687500	2316	2092	224	341.484375	4673348.000000	213.834271	6	953	831	122	10	574.192496	858.122485	1.524638
CRL2097_Senescent	UBC	140128	32	1	5915.715514	2156.671875	2996	2705	291	282.500000	4229554.000000	233.935509	20	675	615	60	5	461.191774	1093.571319	2.007667
CRL2097_Senescent	UBC	140128	33	1	4597.530296	5934.109375	2254	1975	279	308.859375	2436081.000000	123.239794	3	686	575	111	2	2315.433565	3091.752602	5.135062
CRL2097_Senescent	UBC	140128	34	1	7616.303729	3642.609375	2555	2350	205	247.515625	2587043.000000	163.313112	94	356	331	25	3	916.819553	1425.534851	2.455849
CRL2097_Senescent	UBC	140128	35	1	8402.342886	6099.531250	4329	4010	319	348.625000	4816876.000000	215.887236	600	815	726	89	4	944.527477	1190.102507	1.901003
CRL2097_Senescent	UBC	140128	36	1	3834.287394	3965.562500	2268	2070	198	285.687500	3698672.000000	202.290090	3	811	751	60	3	1374.833975	1380.342659	2.305179
CRL2097_Senescent	UBC	140128	37	1	8006.784380	7666.515625	5674	5138	536	432.718750	4584813.000000	165.552575	28	1719	1512	207	4	2706.958655	3755.278909	6.559630
CRL2097_Senescent	UBC	140128	38	1	17185.202144	5524.609375	4839	4501	338	323.218750	4063220.000000	196.423668	9	1261	1162	99	3	1121.591641	1727.001645	2.830471
CRL2097_Senescent	UBC	140128	39	1	6326.025917	7694.953125	2893	2582	311	423.984375	4713679.000000	173.712143	17	1068	976	92	4	923.071259	806.471552	1.306337
