exptType 	 gene 	 date 	 type 	 dataNum 	 objNum 	numTxnSites 	 numCyclin 	 GAPDH 	 numRNA 	 intensity 
LMNAsi	LMNA	131125	30uMctrl	1	1	1	0	6624.000000	1247	2426.000000
LMNAsi	LMNA	131125	30uMctrl	1	2	2	0	5182.000000	1304	1211.000000
LMNAsi	LMNA	131125	30uMctrl	1	2	2	0	5182.000000	1304	795.000000
LMNAsi	LMNA	131125	30uMctrl	1	3	2	0	3930.000000	1206	2247.000000
LMNAsi	LMNA	131125	30uMctrl	1	3	2	0	3930.000000	1206	1520.000000
LMNAsi	LMNA	131125	30uMctrl	2	1	2	1	8414.000000	2775	3340.000000
LMNAsi	LMNA	131125	30uMctrl	2	1	2	1	8414.000000	2775	1191.000000
LMNAsi	LMNA	131125	30uMctrl	2	2	2	0	10433.000000	2735	2188.000000
LMNAsi	LMNA	131125	30uMctrl	2	2	2	0	10433.000000	2735	1207.000000
LMNAsi	LMNA	131125	30uMctrl	3	1	2	0	2324.000000	622	1947.000000
LMNAsi	LMNA	131125	30uMctrl	3	1	2	0	2324.000000	622	1359.000000
LMNAsi	LMNA	131125	30uMctrl	3	2	2	1	2853.000000	942	3665.000000
LMNAsi	LMNA	131125	30uMctrl	3	2	2	1	2853.000000	942	1264.000000
LMNAsi	LMNA	131125	30uMctrl	3	3	3	0	4283.000000	1113	992.000000
LMNAsi	LMNA	131125	30uMctrl	3	3	3	0	4283.000000	1113	667.000000
LMNAsi	LMNA	131125	30uMctrl	3	3	3	0	4283.000000	1113	633.000000
LMNAsi	LMNA	131125	30uMctrl	4	1	2	1	2087.000000	312	1265.000000
LMNAsi	LMNA	131125	30uMctrl	4	1	2	1	2087.000000	312	629.000000
LMNAsi	LMNA	131125	30uMctrl	4	2	3	6	2257.000000	742	1936.000000
LMNAsi	LMNA	131125	30uMctrl	4	2	3	6	2257.000000	742	736.000000
LMNAsi	LMNA	131125	30uMctrl	4	2	3	6	2257.000000	742	850.000000
LMNAsi	LMNA	131125	30uMctrl	4	3	2	1	3679.000000	556	474.000000
LMNAsi	LMNA	131125	30uMctrl	4	3	2	1	3679.000000	556	688.000000
LMNAsi	LMNA	131125	30uMctrl	5	1	2	3	10734.000000	2973	910.000000
LMNAsi	LMNA	131125	30uMctrl	5	1	2	3	10734.000000	2973	2276.000000
LMNAsi	LMNA	131125	30uMctrl	6	1	1	2	6336.000000	847	461.000000
LMNAsi	LMNA	131125	30uMctrl	6	2	0	1	3490.000000	1049	0.000000
LMNAsi	LMNA	131125	30uMctrl	7	1	0	6	3809.000000	1250	0.000000
LMNAsi	LMNA	131125	30uMctrl	7	2	2	3	2241.000000	586	2440.000000
LMNAsi	LMNA	131125	30uMctrl	7	2	2	3	2241.000000	586	849.000000
LMNAsi	LMNA	131125	30uMctrl	8	1	2	0	2866.000000	810	2539.000000
LMNAsi	LMNA	131125	30uMctrl	8	1	2	0	2866.000000	810	2201.000000
LMNAsi	LMNA	131125	30uMctrl	8	2	2	1	7521.000000	1726	3504.000000
LMNAsi	LMNA	131125	30uMctrl	8	2	2	1	7521.000000	1726	1528.000000
LMNAsi	LMNA	131125	30uMctrl	8	3	1	7	3731.000000	544	1104.000000
LMNAsi	LMNA	131125	30uMctrl	9	1	1	0	1636.000000	643	2519.000000
LMNAsi	LMNA	131125	30uMctrl	9	2	3	0	2845.000000	731	989.000000
LMNAsi	LMNA	131125	30uMctrl	9	2	3	0	2845.000000	731	542.000000
LMNAsi	LMNA	131125	30uMctrl	9	2	3	0	2845.000000	731	565.000000
LMNAsi	LMNA	131125	30uMctrl	9	3	2	3	2637.000000	699	782.000000
LMNAsi	LMNA	131125	30uMctrl	9	3	2	3	2637.000000	699	1537.000000
LMNAsi	LMNA	131125	30uMctrl	9	4	2	2	3010.000000	534	3546.000000
LMNAsi	LMNA	131125	30uMctrl	9	4	2	2	3010.000000	534	2613.000000
LMNAsi	LMNA	131125	30uMctrl	9	5	0	3	1462.000000	246	0.000000
LMNAsi	LMNA	131125	30uMctrl	10	1	1	0	2861.000000	764	2271.000000
LMNAsi	LMNA	131125	30uMctrl	10	2	1	3	3447.000000	1180	1013.000000
LMNAsi	LMNA	131125	30uMctrl	11	1	3	2	3301.000000	741	754.000000
LMNAsi	LMNA	131125	30uMctrl	11	1	3	2	3301.000000	741	522.000000
LMNAsi	LMNA	131125	30uMctrl	11	1	3	2	3301.000000	741	643.000000
LMNAsi	LMNA	131125	30uMctrl	11	3	1	6	7509.000000	1435	606.000000
LMNAsi	LMNA	131125	30uMctrl	12	1	0	0	1420.000000	598	0.000000
LMNAsi	LMNA	131125	30uMctrl	12	2	1	104	2001.000000	572	905.000000
LMNAsi	LMNA	131125	30uMctrl	12	3	2	0	2069.000000	638	594.000000
LMNAsi	LMNA	131125	30uMctrl	12	3	2	0	2069.000000	638	1102.000000
LMNAsi	LMNA	131125	30uMctrl	13	1	2	0	1728.000000	516	1453.000000
LMNAsi	LMNA	131125	30uMctrl	13	1	2	0	1728.000000	516	774.000000
LMNAsi	LMNA	131125	30uMctrl	13	2	2	0	1873.000000	567	2313.000000
LMNAsi	LMNA	131125	30uMctrl	13	2	2	0	1873.000000	567	1619.000000
LMNAsi	LMNA	131125	30uMctrl	13	3	1	0	1924.000000	733	960.000000
LMNAsi	LMNA	131125	30uMctrl	14	1	3	0	2377.000000	717	718.000000
LMNAsi	LMNA	131125	30uMctrl	14	1	3	0	2377.000000	717	1005.000000
LMNAsi	LMNA	131125	30uMctrl	14	1	3	0	2377.000000	717	617.000000
LMNAsi	LMNA	131125	30uMctrl	14	2	1	1	3449.000000	1202	917.000000
LMNAsi	LMNA	131125	30uMctrl	14	3	4	0	2503.000000	740	1379.000000
LMNAsi	LMNA	131125	30uMctrl	14	3	4	0	2503.000000	740	2259.000000
LMNAsi	LMNA	131125	30uMctrl	14	3	4	0	2503.000000	740	1749.000000
LMNAsi	LMNA	131125	30uMctrl	14	3	4	0	2503.000000	740	943.000000
LMNAsi	LMNA	131125	30uMctrl	14	4	1	0	1847.000000	476	1187.000000
LMNAsi	LMNA	131125	30uMctrl	15	1	2	2	2683.000000	587	2156.000000
LMNAsi	LMNA	131125	30uMctrl	15	1	2	2	2683.000000	587	3418.000000
LMNAsi	LMNA	131125	30uMctrl	15	2	1	0	2943.000000	740	646.000000
LMNAsi	LMNA	131125	30uMctrl	15	3	2	0	1466.000000	384	695.000000
LMNAsi	LMNA	131125	30uMctrl	15	3	2	0	1466.000000	384	873.000000
LMNAsi	LMNA	131125	30uMctrl	16	1	1	0	3005.000000	888	3362.000000
LMNAsi	LMNA	131125	30uMctrl	16	2	2	0	2254.000000	485	671.000000
LMNAsi	LMNA	131125	30uMctrl	16	2	2	0	2254.000000	485	1019.000000
LMNAsi	LMNA	131125	30uMctrl	16	3	0	0	3879.000000	922	0.000000
LMNAsi	LMNA	131125	30uMctrl	17	1	0	0	2930.000000	662	0.000000
LMNAsi	LMNA	131125	30uMctrl	17	2	1	0	2987.000000	718	1707.000000
LMNAsi	LMNA	131125	30uMctrl	17	3	3	5	5887.000000	1722	3012.000000
LMNAsi	LMNA	131125	30uMctrl	17	3	3	5	5887.000000	1722	1453.000000
LMNAsi	LMNA	131125	30uMctrl	17	3	3	5	5887.000000	1722	1754.000000
LMNAsi	LMNA	131125	30uMctrl	18	1	2	3	1720.000000	418	3742.000000
LMNAsi	LMNA	131125	30uMctrl	18	1	2	3	1720.000000	418	1610.000000
LMNAsi	LMNA	131125	30uMctrl	18	2	4	2	6853.000000	1358	2361.000000
LMNAsi	LMNA	131125	30uMctrl	18	2	4	2	6853.000000	1358	1688.000000
LMNAsi	LMNA	131125	30uMctrl	18	2	4	2	6853.000000	1358	1815.000000
LMNAsi	LMNA	131125	30uMctrl	18	2	4	2	6853.000000	1358	2047.000000
LMNAsi	LMNA	131125	30uMctrl	19	1	2	3	4614.000000	839	2451.000000
LMNAsi	LMNA	131125	30uMctrl	19	1	2	3	4614.000000	839	2422.000000
LMNAsi	LMNA	131125	30uMctrl	19	2	1	2	2411.000000	542	383.000000
LMNAsi	LMNA	131125	30uMctrl	19	3	1	1	4870.000000	1467	1196.000000
LMNAsi	LMNA	131125	30uMctrl	19	4	2	2	1955.000000	558	5076.000000
LMNAsi	LMNA	131125	30uMctrl	19	4	2	2	1955.000000	558	2944.000000
LMNAsi	LMNA	131125	30uMctrl	20	1	1	0	3152.000000	817	1406.000000
LMNAsi	LMNA	131125	30uMctrl	20	2	1	0	4066.000000	1355	739.000000
LMNAsi	LMNA	131125	30uMctrl	20	3	0	1	2601.000000	263	0.000000
LMNAsi	LMNA	131125	30uMctrl	20	4	1	2	3296.000000	763	1121.000000
LMNAsi	LMNA	131125	30uMctrl	20	5	0	0	1852.000000	541	0.000000
LMNAsi	LMNA	131125	30uMctrl	21	1	1	4	4584.000000	1387	8217.000000
LMNAsi	LMNA	131125	30uMctrl	21	2	0	1	3671.000000	1114	0.000000
LMNAsi	LMNA	131125	30uMctrl	21	3	0	0	2788.000000	642	0.000000
LMNAsi	LMNA	131125	30uMctrl	22	1	1	0	2550.000000	899	1135.000000
LMNAsi	LMNA	131125	30uMctrl	22	2	1	0	3042.000000	726	2524.000000
LMNAsi	LMNA	131125	30uMctrl	22	3	1	0	3653.000000	1276	1404.000000
LMNAsi	LMNA	131125	30uMctrl	22	4	2	0	2924.000000	482	2200.000000
LMNAsi	LMNA	131125	30uMctrl	22	4	2	0	2924.000000	482	1112.000000
LMNAsi	LMNA	131125	30uMctrl	23	1	0	1	1214.000000	253	0.000000
LMNAsi	LMNA	131125	30uMctrl	23	2	2	1	2077.000000	259	744.000000
LMNAsi	LMNA	131125	30uMctrl	23	2	2	1	2077.000000	259	557.000000
LMNAsi	LMNA	131125	30uMctrl	23	3	2	0	1245.000000	243	2448.000000
LMNAsi	LMNA	131125	30uMctrl	23	3	2	0	1245.000000	243	4826.000000
LMNAsi	LMNA	131125	30uMctrl	24	2	1	0	1617.000000	421	4572.000000
LMNAsi	LMNA	131125	30uMctrl	25	1	1	0	1947.000000	761	1328.000000
LMNAsi	LMNA	131125	30uMctrl	25	2	2	1	1973.000000	608	3995.000000
LMNAsi	LMNA	131125	30uMctrl	25	2	2	1	1973.000000	608	1209.000000
LMNAsi	LMNA	131125	30uMctrl	25	3	0	0	1204.000000	237	0.000000
LMNAsi	LMNA	131125	30uMctrl	26	1	3	4	4605.000000	1301	1252.000000
LMNAsi	LMNA	131125	30uMctrl	26	1	3	4	4605.000000	1301	1028.000000
LMNAsi	LMNA	131125	30uMctrl	26	1	3	4	4605.000000	1301	3053.000000
LMNAsi	LMNA	131125	30uMctrl	26	2	1	1	6226.000000	1752	1675.000000
LMNAsi	LMNA	131125	30uMctrl	27	1	3	2	3059.000000	686	1101.000000
LMNAsi	LMNA	131125	30uMctrl	27	1	3	2	3059.000000	686	959.000000
LMNAsi	LMNA	131125	30uMctrl	27	1	3	2	3059.000000	686	1366.000000
LMNAsi	LMNA	131125	30uMctrl	28	1	3	0	2286.000000	745	1515.000000
LMNAsi	LMNA	131125	30uMctrl	28	1	3	0	2286.000000	745	2869.000000
LMNAsi	LMNA	131125	30uMctrl	28	1	3	0	2286.000000	745	1913.000000
LMNAsi	LMNA	131125	30uMctrl	28	2	2	0	1420.000000	215	1693.000000
LMNAsi	LMNA	131125	30uMctrl	28	2	2	0	1420.000000	215	744.000000
LMNAsi	LMNA	131125	30uMctrl	28	3	1	1	1847.000000	628	2152.000000
LMNAsi	LMNA	131125	30uMctrl	28	4	0	4	1912.000000	496	0.000000
LMNAsi	LMNA	131125	30uMkd	1	1	1	0	3869.000000	13	1957.000000
LMNAsi	LMNA	131125	30uMkd	1	2	1	1	2959.000000	18	1018.000000
LMNAsi	LMNA	131125	30uMkd	2	1	2	1	2051.000000	32	844.000000
LMNAsi	LMNA	131125	30uMkd	2	1	2	1	2051.000000	32	504.000000
LMNAsi	LMNA	131125	30uMkd	2	2	0	0	1205.000000	48	0.000000
LMNAsi	LMNA	131125	30uMkd	3	1	2	1	1656.000000	398	584.000000
LMNAsi	LMNA	131125	30uMkd	3	1	2	1	1656.000000	398	1295.000000
LMNAsi	LMNA	131125	30uMkd	3	2	2	0	2388.000000	234	1815.000000
LMNAsi	LMNA	131125	30uMkd	3	2	2	0	2388.000000	234	4383.000000
LMNAsi	LMNA	131125	30uMkd	3	3	0	0	2739.000000	110	0.000000
LMNAsi	LMNA	131125	30uMkd	4	1	2	2	1615.000000	126	727.000000
LMNAsi	LMNA	131125	30uMkd	4	1	2	2	1615.000000	126	507.000000
LMNAsi	LMNA	131125	30uMkd	4	2	2	0	1753.000000	496	708.000000
LMNAsi	LMNA	131125	30uMkd	4	2	2	0	1753.000000	496	974.000000
LMNAsi	LMNA	131125	30uMkd	4	3	1	0	2334.000000	8	595.000000
LMNAsi	LMNA	131125	30uMkd	4	4	2	2	3949.000000	13	1780.000000
LMNAsi	LMNA	131125	30uMkd	4	4	2	2	3949.000000	13	1617.000000
LMNAsi	LMNA	131125	30uMkd	5	1	2	0	1904.000000	24	721.000000
LMNAsi	LMNA	131125	30uMkd	5	1	2	0	1904.000000	24	701.000000
LMNAsi	LMNA	131125	30uMkd	5	2	2	0	2075.000000	99	2203.000000
LMNAsi	LMNA	131125	30uMkd	5	2	2	0	2075.000000	99	1923.000000
LMNAsi	LMNA	131125	30uMkd	5	3	1	0	3231.000000	216	1547.000000
LMNAsi	LMNA	131125	30uMkd	5	4	1	1	2174.000000	556	489.000000
LMNAsi	LMNA	131125	30uMkd	6	1	1	0	2890.000000	56	473.000000
LMNAsi	LMNA	131125	30uMkd	6	2	3	0	2576.000000	52	466.000000
LMNAsi	LMNA	131125	30uMkd	6	2	3	0	2576.000000	52	515.000000
LMNAsi	LMNA	131125	30uMkd	6	2	3	0	2576.000000	52	569.000000
LMNAsi	LMNA	131125	30uMkd	6	3	1	2	3769.000000	12	1720.000000
LMNAsi	LMNA	131125	30uMkd	7	1	1	0	3753.000000	187	1737.000000
LMNAsi	LMNA	131125	30uMkd	7	2	2	0	4270.000000	31	1992.000000
LMNAsi	LMNA	131125	30uMkd	7	2	2	0	4270.000000	31	488.000000
LMNAsi	LMNA	131125	30uMkd	7	3	2	1	1657.000000	30	766.000000
LMNAsi	LMNA	131125	30uMkd	7	3	2	1	1657.000000	30	682.000000
LMNAsi	LMNA	131125	30uMkd	7	4	1	1	1815.000000	11	2492.000000
LMNAsi	LMNA	131125	30uMkd	8	1	2	1	4538.000000	30	3786.000000
LMNAsi	LMNA	131125	30uMkd	8	1	2	1	4538.000000	30	3618.000000
LMNAsi	LMNA	131125	30uMkd	8	2	0	0	1503.000000	203	0.000000
LMNAsi	LMNA	131125	30uMkd	9	1	2	0	5383.000000	18	1556.000000
LMNAsi	LMNA	131125	30uMkd	9	1	2	0	5383.000000	18	816.000000
LMNAsi	LMNA	131125	30uMkd	10	1	1	2	2895.000000	9	3487.000000
LMNAsi	LMNA	131125	30uMkd	10	2	1	0	3026.000000	49	3160.000000
LMNAsi	LMNA	131125	30uMkd	10	3	2	0	2207.000000	21	1748.000000
LMNAsi	LMNA	131125	30uMkd	10	3	2	0	2207.000000	21	1013.000000
LMNAsi	LMNA	131125	30uMkd	11	1	1	1	5858.000000	8	687.000000
LMNAsi	LMNA	131125	30uMkd	12	1	1	0	3895.000000	27	1440.000000
LMNAsi	LMNA	131125	30uMkd	12	2	1	3	5180.000000	14	2101.000000
LMNAsi	LMNA	131125	30uMkd	12	3	1	0	2863.000000	489	1150.000000
LMNAsi	LMNA	131125	30uMkd	13	1	0	0	2352.000000	17	0.000000
LMNAsi	LMNA	131125	30uMkd	13	2	2	2	2592.000000	24	1696.000000
LMNAsi	LMNA	131125	30uMkd	13	2	2	2	2592.000000	24	1046.000000
LMNAsi	LMNA	131125	30uMkd	13	3	2	1	4140.000000	402	2619.000000
LMNAsi	LMNA	131125	30uMkd	13	3	2	1	4140.000000	402	1695.000000
LMNAsi	LMNA	131125	30uMkd	14	1	1	0	1965.000000	124	480.000000
LMNAsi	LMNA	131125	30uMkd	14	2	2	0	2529.000000	353	950.000000
LMNAsi	LMNA	131125	30uMkd	14	2	2	0	2529.000000	353	433.000000
LMNAsi	LMNA	131125	30uMkd	14	3	1	0	3491.000000	501	2239.000000
LMNAsi	LMNA	131125	30uMkd	15	1	2	0	4302.000000	54	1349.000000
LMNAsi	LMNA	131125	30uMkd	15	1	2	0	4302.000000	54	1202.000000
LMNAsi	LMNA	131125	30uMkd	15	2	1	0	2191.000000	646	1198.000000
LMNAsi	LMNA	131125	30uMkd	15	3	2	2	2621.000000	467	2367.000000
LMNAsi	LMNA	131125	30uMkd	15	3	2	2	2621.000000	467	959.000000
LMNAsi	LMNA	131125	30uMkd	15	4	2	0	1845.000000	229	1349.000000
LMNAsi	LMNA	131125	30uMkd	15	4	2	0	1845.000000	229	1202.000000
LMNAsi	LMNA	131125	30uMkd	16	1	2	0	5757.000000	31	2364.000000
LMNAsi	LMNA	131125	30uMkd	16	1	2	0	5757.000000	31	1938.000000
LMNAsi	LMNA	131125	30uMkd	16	2	2	4	7120.000000	29	2080.000000
LMNAsi	LMNA	131125	30uMkd	16	2	2	4	7120.000000	29	2607.000000
LMNAsi	LMNA	131125	30uMkd	17	1	1	1	2776.000000	16	1014.000000
LMNAsi	LMNA	131125	30uMkd	17	2	2	0	6353.000000	11	1974.000000
LMNAsi	LMNA	131125	30uMkd	17	2	2	0	6353.000000	11	980.000000
LMNAsi	LMNA	131125	30uMkd	18	1	1	6	4054.000000	13	1547.000000
LMNAsi	LMNA	131125	30uMkd	18	2	1	3	5024.000000	17	886.000000
LMNAsi	LMNA	131125	30uMkd	19	1	1	0	5942.000000	27	1788.000000
LMNAsi	LMNA	131125	30uMkd	19	2	1	0	1995.000000	31	1050.000000
LMNAsi	LMNA	131125	30uMkd	20	1	1	0	1819.000000	242	630.000000
LMNAsi	LMNA	131125	30uMkd	20	2	0	1	1942.000000	513	0.000000
LMNAsi	LMNA	131125	30uMkd	20	3	1	0	2228.000000	74	3219.000000
LMNAsi	LMNA	131125	30uMkd	20	4	1	1	1942.000000	806	1200.000000
LMNAsi	LMNA	131125	30uMkd	20	5	1	0	1958.000000	781	1071.000000
LMNAsi	LMNA	131125	30uMkd	21	1	0	2	2311.000000	21	0.000000
LMNAsi	LMNA	131125	30uMkd	21	2	2	0	4659.000000	35	747.000000
LMNAsi	LMNA	131125	30uMkd	21	2	2	0	4659.000000	35	594.000000
LMNAsi	LMNA	131125	30uMkd	21	3	2	1	4028.000000	10	842.000000
LMNAsi	LMNA	131125	30uMkd	21	3	2	1	4028.000000	10	1426.000000
LMNAsi	LMNA	131125	30uMkd	22	1	2	1	3243.000000	13	857.000000
LMNAsi	LMNA	131125	30uMkd	22	1	2	1	3243.000000	13	801.000000
LMNAsi	LMNA	131125	30uMkd	22	2	1	2	9163.000000	25	650.000000
LMNAsi	LMNA	131125	30uMkd	24	1	3	2	5453.000000	16	865.000000
LMNAsi	LMNA	131125	30uMkd	24	1	3	2	5453.000000	16	1168.000000
LMNAsi	LMNA	131125	30uMkd	24	1	3	2	5453.000000	16	3102.000000
LMNAsi	LMNA	131125	30uMkd	24	2	1	0	3595.000000	11	1772.000000
LMNAsi	LMNA	131125	30uMkd	25	1	1	1	4890.000000	10	540.000000
LMNAsi	LMNA	131125	30uMkd	26	1	2	0	4805.000000	32	1953.000000
LMNAsi	LMNA	131125	30uMkd	26	1	2	0	4805.000000	32	1360.000000
LMNAsi	LMNA	131125	30uMkd	27	1	2	0	2792.000000	26	1148.000000
LMNAsi	LMNA	131125	30uMkd	27	1	2	0	2792.000000	26	557.000000
LMNAsi	LMNA	131125	30uMkd	27	2	2	0	1898.000000	33	1115.000000
LMNAsi	LMNA	131125	30uMkd	27	2	2	0	1898.000000	33	1093.000000
LMNAsi	LMNA	131125	30uMkd	28	1	1	2	2571.000000	22	1496.000000
LMNAsi	LMNA	131125	30uMkd	28	2	2	0	1619.000000	17	1045.000000
LMNAsi	LMNA	131125	30uMkd	28	2	2	0	1619.000000	17	402.000000
LMNAsi	LMNA	131125	30uMkd	28	3	1	1	3385.000000	24	755.000000
LMNAsi	LMNA	131125	30uMkd	28	4	2	0	3677.000000	21	2186.000000
LMNAsi	LMNA	131125	30uMkd	28	4	2	0	3677.000000	21	1462.000000
LMNAsi	LMNA	131125	30uMkd	29	1	1	1	3422.000000	157	2505.000000
LMNAsi	LMNA	131125	30uMkd	29	2	2	0	2178.000000	98	1531.000000
LMNAsi	LMNA	131125	30uMkd	29	2	2	0	2178.000000	98	3266.000000
LMNAsi	LMNA	131125	30uMkd	29	3	2	0	3519.000000	29	1254.000000
LMNAsi	LMNA	131125	30uMkd	29	3	2	0	3519.000000	29	1569.000000
LMNAsi	LMNA	131125	30uMkd	30	1	1	3	4150.000000	34	2937.000000
LMNAsi	LMNA	131125	30uMkd	30	2	1	0	3535.000000	31	3135.000000
LMNAsi	LMNA	131125	30uMkd	31	1	2	0	3480.000000	17	2966.000000
LMNAsi	LMNA	131125	30uMkd	31	1	2	0	3480.000000	17	4744.000000
LMNAsi	LMNA	131125	30uMkd	31	2	2	0	2898.000000	25	2557.000000
LMNAsi	LMNA	131125	30uMkd	31	2	2	0	2898.000000	25	1398.000000
LMNAsi	LMNA	131125	30uMkd	31	3	2	1	2594.000000	580	5657.000000
LMNAsi	LMNA	131125	30uMkd	31	3	2	1	2594.000000	580	1809.000000
LMNAsi	LMNA	131125	30uMkd	32	1	0	0	2249.000000	25	0.000000
LMNAsi	LMNA	131125	30uMkd	32	2	2	0	6948.000000	24	1610.000000
LMNAsi	LMNA	131125	30uMkd	32	2	2	0	6948.000000	24	1971.000000
LMNAsi	LMNA	131125	30uMkd	33	1	1	0	4556.000000	58	815.000000
LMNAsi	LMNA	131125	30uMkd	34	1	2	7	3719.000000	12	1089.000000
LMNAsi	LMNA	131125	30uMkd	34	1	2	7	3719.000000	12	653.000000
LMNAsi	LMNA	131125	30uMkd	34	2	2	1	3608.000000	8	707.000000
LMNAsi	LMNA	131125	30uMkd	34	2	2	1	3608.000000	8	797.000000
LMNAsi	LMNA	131125	30uMkd	35	1	0	0	2348.000000	30	0.000000
LMNAsi	LMNA	131125	30uMkd	35	2	1	0	3007.000000	19	1437.000000
LMNAsi	LMNA	131125	30uMkd	36	1	1	1	2839.000000	8	392.000000
LMNAsi	LMNA	131125	30uMkd	36	2	1	1	3431.000000	96	1717.000000
LMNAsi	LMNA	131125	30uMkd	36	3	1	0	4264.000000	41	1328.000000
LMNAsi	LMNA	131125	30uMkd	37	1	1	0	2565.000000	62	684.000000
LMNAsi	LMNA	131125	30uMkd	37	2	1	4	2782.000000	41	1364.000000
LMNAsi	LMNA	131125	30uMkd	38	1	0	0	2223.000000	156	0.000000
LMNAsi	LMNA	131125	30uMkd	38	2	2	1	4449.000000	80	2496.000000
LMNAsi	LMNA	131125	30uMkd	38	2	2	1	4449.000000	80	4049.000000
LMNAsi	LMNA	131125	30uMkd	39	1	1	1	5411.000000	87	1596.000000
LMNAsi	LMNA	131125	30uMkd	40	1	1	0	4268.000000	136	525.000000
LMNAsi	LMNA	131125	30uMkd	40	2	1	0	5131.000000	236	1127.000000
LMNAsi	LMNA	131203	30uMctrl	1	1	2	6	1906.000000	699	5001.000000
LMNAsi	LMNA	131203	30uMctrl	1	1	2	6	1906.000000	699	1611.000000
LMNAsi	LMNA	131203	30uMctrl	1	2	1	4	2580.000000	688	2193.000000
LMNAsi	LMNA	131203	30uMctrl	1	3	2	13	1597.000000	704	960.000000
LMNAsi	LMNA	131203	30uMctrl	1	3	2	13	1597.000000	704	735.000000
LMNAsi	LMNA	131203	30uMctrl	1	4	2	5	5299.000000	1419	696.000000
LMNAsi	LMNA	131203	30uMctrl	1	4	2	5	5299.000000	1419	725.000000
LMNAsi	LMNA	131203	30uMctrl	2	1	0	2	2467.000000	688	0.000000
LMNAsi	LMNA	131203	30uMctrl	2	2	2	8	5611.000000	1769	1895.000000
LMNAsi	LMNA	131203	30uMctrl	2	2	2	8	5611.000000	1769	918.000000
LMNAsi	LMNA	131203	30uMctrl	2	3	2	5	3176.000000	1216	2682.000000
LMNAsi	LMNA	131203	30uMctrl	2	3	2	5	3176.000000	1216	3114.000000
LMNAsi	LMNA	131203	30uMctrl	2	4	1	2	1557.000000	602	1199.000000
LMNAsi	LMNA	131203	30uMctrl	3	1	2	14	3357.000000	1496	622.000000
LMNAsi	LMNA	131203	30uMctrl	3	1	2	14	3357.000000	1496	1468.000000
LMNAsi	LMNA	131203	30uMctrl	3	2	1	38	1405.000000	408	1416.000000
LMNAsi	LMNA	131203	30uMctrl	3	3	1	96	1186.000000	434	532.000000
LMNAsi	LMNA	131203	30uMctrl	4	1	2	3	2709.000000	889	1179.000000
LMNAsi	LMNA	131203	30uMctrl	4	1	2	3	2709.000000	889	1179.000000
LMNAsi	LMNA	131203	30uMctrl	4	2	1	8	2497.000000	854	2653.000000
LMNAsi	LMNA	131203	30uMctrl	5	1	1	7	4812.000000	1334	3126.000000
LMNAsi	LMNA	131203	30uMctrl	5	2	1	9	2129.000000	560	970.000000
LMNAsi	LMNA	131203	30uMctrl	5	3	1	2	3846.000000	826	990.000000
LMNAsi	LMNA	131203	30uMctrl	5	5	0	2	2749.000000	639	0.000000
LMNAsi	LMNA	131203	30uMctrl	6	1	1	120	3809.000000	857	1777.000000
LMNAsi	LMNA	131203	30uMctrl	6	2	1	7	4969.000000	1335	2995.000000
LMNAsi	LMNA	131203	30uMctrl	6	3	2	22	4585.000000	1393	1675.000000
LMNAsi	LMNA	131203	30uMctrl	6	3	2	22	4585.000000	1393	1417.000000
LMNAsi	LMNA	131203	30uMctrl	7	1	1	1	3861.000000	690	649.000000
LMNAsi	LMNA	131203	30uMctrl	7	2	1	48	4828.000000	1419	3406.000000
LMNAsi	LMNA	131203	30uMctrl	7	3	0	3	3618.000000	826	0.000000
LMNAsi	LMNA	131203	30uMctrl	8	1	3	157	4069.000000	1322	571.000000
LMNAsi	LMNA	131203	30uMctrl	8	1	3	157	4069.000000	1322	621.000000
LMNAsi	LMNA	131203	30uMctrl	8	1	3	157	4069.000000	1322	594.000000
LMNAsi	LMNA	131203	30uMctrl	8	2	1	1	2605.000000	724	585.000000
LMNAsi	LMNA	131203	30uMctrl	8	3	1	3	4419.000000	1312	3690.000000
LMNAsi	LMNA	131203	30uMctrl	8	4	2	16	5949.000000	1354	2063.000000
LMNAsi	LMNA	131203	30uMctrl	8	4	2	16	5949.000000	1354	542.000000
LMNAsi	LMNA	131203	30uMctrl	9	1	2	7	4950.000000	1216	791.000000
LMNAsi	LMNA	131203	30uMctrl	9	1	2	7	4950.000000	1216	537.000000
LMNAsi	LMNA	131203	30uMctrl	9	2	2	5	4908.000000	1182	915.000000
LMNAsi	LMNA	131203	30uMctrl	9	2	2	5	4908.000000	1182	693.000000
LMNAsi	LMNA	131203	30uMctrl	10	1	0	5	1502.000000	792	0.000000
LMNAsi	LMNA	131203	30uMctrl	10	2	1	148	3131.000000	989	3025.000000
LMNAsi	LMNA	131203	30uMctrl	11	1	2	0	1890.000000	328	711.000000
LMNAsi	LMNA	131203	30uMctrl	11	1	2	0	1890.000000	328	1712.000000
LMNAsi	LMNA	131203	30uMctrl	11	2	0	3	2132.000000	648	0.000000
LMNAsi	LMNA	131203	30uMctrl	11	3	2	124	4268.000000	1289	1038.000000
LMNAsi	LMNA	131203	30uMctrl	11	3	2	124	4268.000000	1289	817.000000
LMNAsi	LMNA	131203	30uMctrl	11	4	1	3	2514.000000	763	1779.000000
LMNAsi	LMNA	131203	30uMctrl	12	1	2	74	2328.000000	884	1624.000000
LMNAsi	LMNA	131203	30uMctrl	12	1	2	74	2328.000000	884	1035.000000
LMNAsi	LMNA	131203	30uMctrl	12	2	1	3	3257.000000	605	1069.000000
LMNAsi	LMNA	131203	30uMctrl	12	3	0	4	1243.000000	365	0.000000
LMNAsi	LMNA	131203	30uMctrl	12	4	1	2	2479.000000	689	1605.000000
LMNAsi	LMNA	131203	30uMctrl	13	1	2	5	3372.000000	1237	1850.000000
LMNAsi	LMNA	131203	30uMctrl	13	1	2	5	3372.000000	1237	1993.000000
LMNAsi	LMNA	131203	30uMctrl	13	2	2	38	3521.000000	1308	3186.000000
LMNAsi	LMNA	131203	30uMctrl	13	2	2	38	3521.000000	1308	3419.000000
LMNAsi	LMNA	131203	30uMctrl	13	3	2	3	1078.000000	349	725.000000
LMNAsi	LMNA	131203	30uMctrl	13	3	2	3	1078.000000	349	841.000000
LMNAsi	LMNA	131203	30uMctrl	13	4	2	6	2813.000000	924	1850.000000
LMNAsi	LMNA	131203	30uMctrl	13	4	2	6	2813.000000	924	1991.000000
LMNAsi	LMNA	131203	30uMctrl	14	1	1	3	2510.000000	745	1370.000000
LMNAsi	LMNA	131203	30uMctrl	14	2	1	7	2549.000000	563	755.000000
LMNAsi	LMNA	131203	30uMctrl	14	3	1	75	2802.000000	789	737.000000
LMNAsi	LMNA	131203	30uMctrl	15	1	0	30	1970.000000	775	0.000000
LMNAsi	LMNA	131203	30uMctrl	15	2	1	3	4730.000000	1321	1295.000000
LMNAsi	LMNA	131203	30uMctrl	15	3	2	28	1602.000000	661	1290.000000
LMNAsi	LMNA	131203	30uMctrl	15	3	2	28	1602.000000	661	557.000000
LMNAsi	LMNA	131203	30uMctrl	16	1	1	4	2217.000000	626	1576.000000
LMNAsi	LMNA	131203	30uMctrl	16	2	1	15	3151.000000	1240	1384.000000
LMNAsi	LMNA	131203	30uMctrl	16	3	1	1	2190.000000	509	1160.000000
LMNAsi	LMNA	131203	30uMctrl	16	4	1	0	3442.000000	737	1245.000000
LMNAsi	LMNA	131203	30uMctrl	17	1	1	157	3426.000000	853	802.000000
LMNAsi	LMNA	131203	30uMctrl	17	2	1	2	5426.000000	581	503.000000
LMNAsi	LMNA	131203	30uMctrl	17	3	1	6	1785.000000	505	1857.000000
LMNAsi	LMNA	131203	30uMctrl	17	4	1	6	3803.000000	1232	523.000000
LMNAsi	LMNA	131203	30uMctrl	18	1	1	1	1795.000000	358	1537.000000
LMNAsi	LMNA	131203	30uMctrl	18	2	1	7	1855.000000	635	516.000000
LMNAsi	LMNA	131203	30uMctrl	18	3	2	1	2382.000000	663	903.000000
LMNAsi	LMNA	131203	30uMctrl	18	3	2	1	2382.000000	663	894.000000
LMNAsi	LMNA	131203	30uMctrl	19	1	3	4	2462.000000	819	2660.000000
LMNAsi	LMNA	131203	30uMctrl	19	1	3	4	2462.000000	819	1366.000000
LMNAsi	LMNA	131203	30uMctrl	19	1	3	4	2462.000000	819	1700.000000
LMNAsi	LMNA	131203	30uMctrl	19	2	2	9	3631.000000	918	2080.000000
LMNAsi	LMNA	131203	30uMctrl	19	2	2	9	3631.000000	918	1735.000000
LMNAsi	LMNA	131203	30uMctrl	19	3	2	3	2742.000000	642	1129.000000
LMNAsi	LMNA	131203	30uMctrl	19	3	2	3	2742.000000	642	637.000000
LMNAsi	LMNA	131203	30uMctrl	20	1	2	5	3120.000000	852	3200.000000
LMNAsi	LMNA	131203	30uMctrl	20	1	2	5	3120.000000	852	3215.000000
LMNAsi	LMNA	131203	30uMctrl	20	2	1	1	4196.000000	1143	1918.000000
LMNAsi	LMNA	131203	30uMctrl	20	3	0	3	1889.000000	686	0.000000
LMNAsi	LMNA	131203	30uMctrl	20	4	2	0	2772.000000	805	770.000000
LMNAsi	LMNA	131203	30uMctrl	20	4	2	0	2772.000000	805	2185.000000
LMNAsi	LMNA	131203	30uMctrl	21	1	2	1	3150.000000	939	1396.000000
LMNAsi	LMNA	131203	30uMctrl	21	1	2	1	3150.000000	939	1591.000000
LMNAsi	LMNA	131203	30uMctrl	21	2	0	4	3555.000000	1060	0.000000
LMNAsi	LMNA	131203	30uMctrl	22	1	2	1	3015.000000	1010	710.000000
LMNAsi	LMNA	131203	30uMctrl	22	1	2	1	3015.000000	1010	703.000000
LMNAsi	LMNA	131203	30uMctrl	22	2	1	89	2831.000000	923	1630.000000
LMNAsi	LMNA	131203	30uMctrl	22	3	1	105	6001.000000	1701	1436.000000
LMNAsi	LMNA	131203	30uMctrl	22	4	3	193	3412.000000	946	1692.000000
LMNAsi	LMNA	131203	30uMctrl	22	4	3	193	3412.000000	946	2705.000000
LMNAsi	LMNA	131203	30uMctrl	22	4	3	193	3412.000000	946	1262.000000
LMNAsi	LMNA	131203	30uMctrl	23	1	0	9	3872.000000	1123	0.000000
LMNAsi	LMNA	131203	30uMctrl	23	2	1	79	1952.000000	802	1285.000000
LMNAsi	LMNA	131203	30uMctrl	23	3	1	2	1938.000000	685	756.000000
LMNAsi	LMNA	131203	30uMctrl	24	1	2	4	2415.000000	1097	700.000000
LMNAsi	LMNA	131203	30uMctrl	24	1	2	4	2415.000000	1097	533.000000
LMNAsi	LMNA	131203	30uMctrl	24	2	2	4	2911.000000	781	801.000000
LMNAsi	LMNA	131203	30uMctrl	24	2	2	4	2911.000000	781	1247.000000
LMNAsi	LMNA	131203	30uMctrl	24	3	2	9	2824.000000	767	1147.000000
LMNAsi	LMNA	131203	30uMctrl	24	3	2	9	2824.000000	767	1246.000000
LMNAsi	LMNA	131203	30uMctrl	24	4	1	91	1241.000000	427	585.000000
LMNAsi	LMNA	131203	30uMctrl	24	5	2	95	1723.000000	602	776.000000
LMNAsi	LMNA	131203	30uMctrl	24	5	2	95	1723.000000	602	925.000000
LMNAsi	LMNA	131203	30uMctrl	24	6	2	2	1482.000000	331	878.000000
LMNAsi	LMNA	131203	30uMctrl	24	6	2	2	1482.000000	331	1483.000000
LMNAsi	LMNA	131203	30uMctrl	25	1	1	132	2499.000000	649	2689.000000
LMNAsi	LMNA	131203	30uMctrl	25	2	1	8	2580.000000	485	1215.000000
LMNAsi	LMNA	131203	30uMctrl	25	3	2	55	2614.000000	585	780.000000
LMNAsi	LMNA	131203	30uMctrl	25	3	2	55	2614.000000	585	1557.000000
LMNAsi	LMNA	131203	30uMctrl	26	1	0	5	1759.000000	641	0.000000
LMNAsi	LMNA	131203	30uMctrl	26	2	1	5	2501.000000	357	2487.000000
LMNAsi	LMNA	131203	30uMctrl	27	1	2	3	2477.000000	696	1570.000000
LMNAsi	LMNA	131203	30uMctrl	27	1	2	3	2477.000000	696	1048.000000
LMNAsi	LMNA	131203	30uMctrl	27	2	1	2	3174.000000	720	570.000000
LMNAsi	LMNA	131203	30uMctrl	27	3	1	3	4135.000000	811	716.000000
LMNAsi	LMNA	131203	30uMctrl	28	1	3	7	4593.000000	1158	641.000000
LMNAsi	LMNA	131203	30uMctrl	28	1	3	7	4593.000000	1158	807.000000
LMNAsi	LMNA	131203	30uMctrl	28	1	3	7	4593.000000	1158	417.000000
LMNAsi	LMNA	131203	30uMctrl	28	2	2	7	4136.000000	1094	1720.000000
LMNAsi	LMNA	131203	30uMctrl	28	2	2	7	4136.000000	1094	1886.000000
LMNAsi	LMNA	131203	30uMctrl	29	1	2	6	2726.000000	992	628.000000
LMNAsi	LMNA	131203	30uMctrl	29	1	2	6	2726.000000	992	1070.000000
LMNAsi	LMNA	131203	30uMctrl	29	2	2	1	3067.000000	973	2688.000000
LMNAsi	LMNA	131203	30uMctrl	29	2	2	1	3067.000000	973	2192.000000
LMNAsi	LMNA	131203	30uMctrl	29	3	0	4	3227.000000	764	0.000000
LMNAsi	LMNA	131203	30uMctrl	29	4	2	3	3148.000000	955	1950.000000
LMNAsi	LMNA	131203	30uMctrl	29	4	2	3	3148.000000	955	1018.000000
LMNAsi	LMNA	131203	30uMctrl	30	1	0	1	3097.000000	1047	0.000000
LMNAsi	LMNA	131203	30uMctrl	30	2	3	4	6035.000000	1288	3547.000000
LMNAsi	LMNA	131203	30uMctrl	30	2	3	4	6035.000000	1288	1490.000000
LMNAsi	LMNA	131203	30uMctrl	30	2	3	4	6035.000000	1288	1191.000000
LMNAsi	LMNA	131203	30uMctrl	30	3	1	4	2903.000000	868	2575.000000
LMNAsi	LMNA	131203	30uMctrl	30	4	1	3	3016.000000	1159	1100.000000
LMNAsi	LMNA	131203	30uMctrl	30	5	0	38	4421.000000	1251	0.000000
LMNAsi	LMNA	131203	30uMctrl	31	1	1	2	4671.000000	1427	614.000000
LMNAsi	LMNA	131203	30uMctrl	31	2	2	1	3062.000000	1082	342.000000
LMNAsi	LMNA	131203	30uMctrl	31	2	2	1	3062.000000	1082	898.000000
LMNAsi	LMNA	131203	30uMctrl	31	3	1	1	2404.000000	589	885.000000
LMNAsi	LMNA	131203	30uMctrl	32	1	1	7	2679.000000	853	1419.000000
LMNAsi	LMNA	131203	30uMctrl	32	2	2	0	2646.000000	881	1437.000000
LMNAsi	LMNA	131203	30uMctrl	32	2	2	0	2646.000000	881	1144.000000
LMNAsi	LMNA	131203	30uMctrl	32	3	1	1	2365.000000	709	662.000000
LMNAsi	LMNA	131203	30uMctrl	33	1	1	2	2928.000000	903	371.000000
LMNAsi	LMNA	131203	30uMctrl	33	2	3	3	2917.000000	750	643.000000
LMNAsi	LMNA	131203	30uMctrl	33	2	3	3	2917.000000	750	1429.000000
LMNAsi	LMNA	131203	30uMctrl	33	2	3	3	2917.000000	750	707.000000
LMNAsi	LMNA	131203	30uMctrl	34	1	1	3	1542.000000	624	3450.000000
LMNAsi	LMNA	131203	30uMctrl	34	2	1	1	1539.000000	649	3336.000000
LMNAsi	LMNA	131203	30uMctrl	34	3	2	11	5162.000000	2345	3162.000000
LMNAsi	LMNA	131203	30uMctrl	34	3	2	11	5162.000000	2345	3672.000000
LMNAsi	LMNA	131203	30uMctrl	35	1	0	0	1753.000000	526	0.000000
LMNAsi	LMNA	131203	30uMctrl	35	2	2	3	1876.000000	783	779.000000
LMNAsi	LMNA	131203	30uMctrl	35	2	2	3	1876.000000	783	696.000000
LMNAsi	LMNA	131203	30uMctrl	35	3	1	72	1649.000000	680	1404.000000
LMNAsi	LMNA	131203	30uMctrl	36	1	1	10	2998.000000	991	3510.000000
LMNAsi	LMNA	131203	30uMctrl	36	2	1	1	4125.000000	1012	3793.000000
LMNAsi	LMNA	131203	30uMctrl	37	1	0	3	2061.000000	1131	0.000000
LMNAsi	LMNA	131203	30uMctrl	37	2	2	6	1097.000000	381	942.000000
LMNAsi	LMNA	131203	30uMctrl	37	2	2	6	1097.000000	381	1947.000000
LMNAsi	LMNA	131203	30uMctrl	38	1	2	2	2476.000000	851	2417.000000
LMNAsi	LMNA	131203	30uMctrl	38	1	2	2	2476.000000	851	1163.000000
LMNAsi	LMNA	131203	30uMctrl	38	2	0	3	1864.000000	757	0.000000
LMNAsi	LMNA	131203	30uMctrl	39	1	3	2	2490.000000	990	1499.000000
LMNAsi	LMNA	131203	30uMctrl	39	1	3	2	2490.000000	990	1187.000000
LMNAsi	LMNA	131203	30uMctrl	39	1	3	2	2490.000000	990	1228.000000
LMNAsi	LMNA	131203	30uMctrl	39	2	2	9	4753.000000	1753	1194.000000
LMNAsi	LMNA	131203	30uMctrl	39	2	2	9	4753.000000	1753	1197.000000
LMNAsi	LMNA	131203	30uMctrl	40	1	3	2	5267.000000	2215	1806.000000
LMNAsi	LMNA	131203	30uMctrl	40	1	3	2	5267.000000	2215	3638.000000
LMNAsi	LMNA	131203	30uMctrl	40	1	3	2	5267.000000	2215	2511.000000
LMNAsi	LMNA	131203	30uMctrl	40	2	2	3	3847.000000	1255	2039.000000
LMNAsi	LMNA	131203	30uMctrl	40	2	2	3	3847.000000	1255	1371.000000
LMNAsi	LMNA	131203	30uMctrl	41	1	1	61	2406.000000	602	816.000000
LMNAsi	LMNA	131203	30uMctrl	42	1	1	3	3361.000000	1326	1650.000000
LMNAsi	LMNA	131203	30uMctrl	42	2	1	6	6110.000000	1534	663.000000
LMNAsi	LMNA	131203	30uMctrl	43	1	3	4	9488.000000	2360	1897.000000
LMNAsi	LMNA	131203	30uMctrl	43	1	3	4	9488.000000	2360	1240.000000
LMNAsi	LMNA	131203	30uMctrl	43	1	3	4	9488.000000	2360	753.000000
LMNAsi	LMNA	131204	30uMkd	1	1	2	34	1915.000000	23	435.000000
LMNAsi	LMNA	131204	30uMkd	1	1	2	34	1915.000000	23	429.000000
LMNAsi	LMNA	131204	30uMkd	1	2	1	5	5654.000000	172	1798.000000
LMNAsi	LMNA	131204	30uMkd	2	1	1	71	4482.000000	25	394.000000
LMNAsi	LMNA	131204	30uMkd	2	2	1	68	2985.000000	71	1597.000000
LMNAsi	LMNA	131204	30uMkd	3	1	1	117	2730.000000	94	2408.000000
LMNAsi	LMNA	131204	30uMkd	3	2	0	2	1317.000000	20	0.000000
LMNAsi	LMNA	131204	30uMkd	3	3	2	15	2217.000000	12	608.000000
LMNAsi	LMNA	131204	30uMkd	3	3	2	15	2217.000000	12	496.000000
LMNAsi	LMNA	131204	30uMkd	4	1	0	2	2605.000000	25	0.000000
LMNAsi	LMNA	131204	30uMkd	4	2	1	0	4759.000000	79	1115.000000
LMNAsi	LMNA	131204	30uMkd	4	3	2	103	3060.000000	83	1699.000000
LMNAsi	LMNA	131204	30uMkd	4	3	2	103	3060.000000	83	597.000000
LMNAsi	LMNA	131204	30uMkd	5	1	1	152	1711.000000	301	465.000000
LMNAsi	LMNA	131204	30uMkd	5	2	2	2	3744.000000	411	734.000000
LMNAsi	LMNA	131204	30uMkd	5	2	2	2	3744.000000	411	669.000000
LMNAsi	LMNA	131204	30uMkd	5	3	1	0	4049.000000	61	1645.000000
LMNAsi	LMNA	131204	30uMkd	6	1	1	0	2378.000000	43	699.000000
LMNAsi	LMNA	131204	30uMkd	6	2	1	0	2657.000000	6	555.000000
LMNAsi	LMNA	131204	30uMkd	7	1	2	5	4354.000000	65	1228.000000
LMNAsi	LMNA	131204	30uMkd	7	1	2	5	4354.000000	65	2369.000000
LMNAsi	LMNA	131204	30uMkd	7	2	1	30	2345.000000	22	1231.000000
LMNAsi	LMNA	131204	30uMkd	7	3	0	0	2535.000000	95	0.000000
LMNAsi	LMNA	131204	30uMkd	8	1	2	4	2768.000000	36	1969.000000
LMNAsi	LMNA	131204	30uMkd	8	1	2	4	2768.000000	36	2706.000000
LMNAsi	LMNA	131204	30uMkd	8	2	1	4	3875.000000	48	2183.000000
LMNAsi	LMNA	131204	30uMkd	8	3	3	1	4910.000000	69	559.000000
LMNAsi	LMNA	131204	30uMkd	8	3	3	1	4910.000000	69	692.000000
LMNAsi	LMNA	131204	30uMkd	8	3	3	1	4910.000000	69	567.000000
LMNAsi	LMNA	131204	30uMkd	9	1	1	13	2382.000000	23	713.000000
LMNAsi	LMNA	131204	30uMkd	9	2	1	0	3364.000000	53	852.000000
LMNAsi	LMNA	131204	30uMkd	10	1	1	14	2241.000000	20	1131.000000
LMNAsi	LMNA	131204	30uMkd	10	2	1	7	1910.000000	50	2468.000000
LMNAsi	LMNA	131204	30uMkd	10	3	0	0	3673.000000	25	0.000000
LMNAsi	LMNA	131204	30uMkd	11	1	1	7	3144.000000	20	742.000000
LMNAsi	LMNA	131204	30uMkd	11	2	0	10	5876.000000	23	0.000000
LMNAsi	LMNA	131204	30uMkd	12	1	1	25	3170.000000	172	1343.000000
LMNAsi	LMNA	131204	30uMkd	12	2	1	6	2713.000000	92	1515.000000
LMNAsi	LMNA	131204	30uMkd	12	3	1	3	1454.000000	41	587.000000
LMNAsi	LMNA	131204	30uMkd	13	1	1	49	1356.000000	328	518.000000
LMNAsi	LMNA	131204	30uMkd	13	2	0	27	1832.000000	292	0.000000
LMNAsi	LMNA	131204	30uMkd	13	3	2	98	1867.000000	565	3312.000000
LMNAsi	LMNA	131204	30uMkd	13	3	2	98	1867.000000	565	1120.000000
LMNAsi	LMNA	131204	30uMkd	14	1	1	5	3718.000000	16	497.000000
LMNAsi	LMNA	131204	30uMkd	15	1	1	2	3917.000000	5	1494.000000
LMNAsi	LMNA	131204	30uMkd	15	2	2	0	4751.000000	55	957.000000
LMNAsi	LMNA	131204	30uMkd	15	2	2	0	4751.000000	55	1280.000000
LMNAsi	LMNA	131204	30uMkd	16	1	1	2	3670.000000	11	523.000000
LMNAsi	LMNA	131204	30uMkd	16	2	0	1	3145.000000	20	0.000000
LMNAsi	LMNA	131204	30uMkd	17	1	1	5	5257.000000	26	1222.000000
LMNAsi	LMNA	131204	30uMkd	17	2	1	3	3652.000000	16	2707.000000
LMNAsi	LMNA	131204	30uMkd	18	1	2	4	3322.000000	13	1816.000000
LMNAsi	LMNA	131204	30uMkd	18	1	2	4	3322.000000	13	1563.000000
LMNAsi	LMNA	131204	30uMkd	18	2	2	3	1815.000000	25	915.000000
LMNAsi	LMNA	131204	30uMkd	18	2	2	3	1815.000000	25	597.000000
LMNAsi	LMNA	131204	30uMkd	18	3	2	0	2254.000000	13	1896.000000
LMNAsi	LMNA	131204	30uMkd	18	3	2	0	2254.000000	13	2090.000000
LMNAsi	LMNA	131204	30uMkd	19	1	1	7	6400.000000	70	945.000000
LMNAsi	LMNA	131204	30uMkd	19	2	4	6	2233.000000	60	545.000000
LMNAsi	LMNA	131204	30uMkd	19	2	4	6	2233.000000	60	374.000000
LMNAsi	LMNA	131204	30uMkd	19	2	4	6	2233.000000	60	372.000000
LMNAsi	LMNA	131204	30uMkd	19	2	4	6	2233.000000	60	420.000000
LMNAsi	LMNA	131204	30uMkd	19	3	0	88	5262.000000	132	0.000000
LMNAsi	LMNA	131204	30uMkd	20	1	0	7	4907.000000	34	0.000000
LMNAsi	LMNA	131204	30uMkd	20	2	0	5	6315.000000	49	0.000000
LMNAsi	LMNA	131204	30uMkd	20	3	1	3	2741.000000	124	491.000000
LMNAsi	LMNA	131204	30uMkd	21	1	3	15	5052.000000	46	727.000000
LMNAsi	LMNA	131204	30uMkd	21	1	3	15	5052.000000	46	949.000000
LMNAsi	LMNA	131204	30uMkd	21	1	3	15	5052.000000	46	1119.000000
LMNAsi	LMNA	131204	30uMkd	21	2	2	13	4294.000000	18	744.000000
LMNAsi	LMNA	131204	30uMkd	21	2	2	13	4294.000000	18	2194.000000
LMNAsi	LMNA	131204	30uMkd	22	1	2	3	3790.000000	10	1708.000000
LMNAsi	LMNA	131204	30uMkd	22	1	2	3	3790.000000	10	1394.000000
LMNAsi	LMNA	131204	30uMkd	22	2	2	0	2252.000000	8	610.000000
LMNAsi	LMNA	131204	30uMkd	22	2	2	0	2252.000000	8	510.000000
LMNAsi	LMNA	131204	30uMkd	23	1	1	1	3914.000000	39	2204.000000
LMNAsi	LMNA	131204	30uMkd	23	2	2	0	1622.000000	25	3447.000000
LMNAsi	LMNA	131204	30uMkd	23	2	2	0	1622.000000	25	692.000000
LMNAsi	LMNA	131204	30uMkd	24	1	1	6	3471.000000	16	1031.000000
LMNAsi	LMNA	131204	30uMkd	24	2	2	3	3049.000000	52	1359.000000
LMNAsi	LMNA	131204	30uMkd	24	2	2	3	3049.000000	52	2372.000000
LMNAsi	LMNA	131204	30uMkd	24	3	1	10	3491.000000	52	1348.000000
LMNAsi	LMNA	131204	30uMkd	25	1	1	45	2526.000000	49	572.000000
LMNAsi	LMNA	131204	30uMkd	25	2	2	56	4596.000000	27	846.000000
LMNAsi	LMNA	131204	30uMkd	25	2	2	56	4596.000000	27	1359.000000
LMNAsi	LMNA	131204	30uMkd	26	1	1	8	2591.000000	108	607.000000
LMNAsi	LMNA	131204	30uMkd	26	2	1	67	2987.000000	68	1105.000000
LMNAsi	LMNA	131204	30uMkd	27	1	2	57	2901.000000	17	977.000000
LMNAsi	LMNA	131204	30uMkd	27	1	2	57	2901.000000	17	820.000000
LMNAsi	LMNA	131204	30uMkd	27	2	1	137	3338.000000	170	3027.000000
LMNAsi	LMNA	131204	30uMkd	27	3	1	2	3729.000000	23	591.000000
LMNAsi	LMNA	131204	30uMkd	28	1	2	1	3336.000000	38	598.000000
LMNAsi	LMNA	131204	30uMkd	28	1	2	1	3336.000000	38	388.000000
LMNAsi	LMNA	131204	30uMkd	28	2	1	10	4802.000000	80	1667.000000
LMNAsi	LMNA	131204	30uMkd	28	3	2	3	4116.000000	179	3690.000000
LMNAsi	LMNA	131204	30uMkd	28	3	2	3	4116.000000	179	1404.000000
LMNAsi	LMNA	131204	30uMkd	29	1	1	3	2789.000000	120	1125.000000
LMNAsi	LMNA	131204	30uMkd	29	2	1	6	4728.000000	36	1287.000000
LMNAsi	LMNA	131204	30uMkd	29	3	2	216	2340.000000	43	718.000000
LMNAsi	LMNA	131204	30uMkd	29	3	2	216	2340.000000	43	1048.000000
LMNAsi	LMNA	131204	30uMkd	30	1	1	0	2497.000000	27	523.000000
LMNAsi	LMNA	131204	30uMkd	30	2	1	5	2615.000000	17	1307.000000
LMNAsi	LMNA	131204	30uMkd	30	3	2	2	1636.000000	17	1569.000000
LMNAsi	LMNA	131204	30uMkd	30	3	2	2	1636.000000	17	542.000000
LMNAsi	LMNA	131204	30uMkd	31	1	1	4	5829.000000	15	3700.000000
LMNAsi	LMNA	131204	30uMkd	31	2	0	20	2009.000000	15	0.000000
LMNAsi	LMNA	131204	30uMkd	32	1	2	0	2637.000000	24	2112.000000
LMNAsi	LMNA	131204	30uMkd	32	1	2	0	2637.000000	24	864.000000
LMNAsi	LMNA	131204	30uMkd	32	2	2	2	5839.000000	50	3414.000000
LMNAsi	LMNA	131204	30uMkd	32	2	2	2	5839.000000	50	661.000000
LMNAsi	LMNA	131204	30uMkd	32	3	2	23	7757.000000	133	2416.000000
LMNAsi	LMNA	131204	30uMkd	32	3	2	23	7757.000000	133	1931.000000
LMNAsi	LMNA	131204	30uMkd	33	1	1	1	2913.000000	21	2164.000000
LMNAsi	LMNA	131204	30uMkd	33	2	0	12	2903.000000	65	0.000000
LMNAsi	LMNA	131204	30uMkd	33	3	1	25	3136.000000	168	878.000000
LMNAsi	LMNA	131204	30uMkd	33	4	2	6	2134.000000	23	930.000000
LMNAsi	LMNA	131204	30uMkd	33	4	2	6	2134.000000	23	1305.000000
LMNAsi	LMNA	131204	30uMkd	34	1	4	4	2995.000000	4	1204.000000
LMNAsi	LMNA	131204	30uMkd	34	1	4	4	2995.000000	4	588.000000
LMNAsi	LMNA	131204	30uMkd	34	1	4	4	2995.000000	4	659.000000
LMNAsi	LMNA	131204	30uMkd	34	1	4	4	2995.000000	4	610.000000
LMNAsi	LMNA	131204	30uMkd	34	2	1	0	2094.000000	90	1195.000000
LMNAsi	LMNA	131204	30uMkd	34	3	1	0	3160.000000	33	503.000000
LMNAsi	LMNA	131204	30uMkd	34	4	1	0	2583.000000	77	2171.000000
LMNAsi	LMNA	131204	30uMkd	35	1	1	8	5238.000000	18	2195.000000
LMNAsi	LMNA	131204	30uMkd	35	2	1	86	3549.000000	677	2118.000000
LMNAsi	LMNA	131204	30uMkd	36	1	0	4	1822.000000	194	0.000000
LMNAsi	LMNA	131204	30uMkd	36	2	1	52	1767.000000	164	973.000000
LMNAsi	LMNA	131204	30uMkd	37	1	2	153	2484.000000	341	1369.000000
LMNAsi	LMNA	131204	30uMkd	37	1	2	153	2484.000000	341	1968.000000
LMNAsi	LMNA	131204	30uMkd	37	2	2	53	2053.000000	185	1804.000000
LMNAsi	LMNA	131204	30uMkd	37	2	2	53	2053.000000	185	1274.000000
LMNAsi	LMNA	131204	30uMkd	38	1	1	74	3022.000000	72	1413.000000
LMNAsi	LMNA	131204	30uMkd	38	2	2	5	5625.000000	47	3405.000000
LMNAsi	LMNA	131204	30uMkd	38	2	2	5	5625.000000	47	1246.000000
LMNAsi	LMNA	131204	30uMkd	39	2	2	78	2127.000000	59	1378.000000
LMNAsi	LMNA	131204	30uMkd	39	2	2	78	2127.000000	59	571.000000
LMNAsi	LMNA	131204	30uMkd	39	3	1	71	5958.000000	64	3655.000000
LMNAsi	LMNA	131204	30uMkd	40	1	1	4	2335.000000	18	1252.000000
LMNAsi	LMNA	131204	30uMkd	40	2	1	6	3989.000000	56	1636.000000
LMNAsi	LMNA	131204	30uMkd	41	1	2	30	2157.000000	231	2574.000000
LMNAsi	LMNA	131204	30uMkd	41	1	2	30	2157.000000	231	777.000000
LMNAsi	LMNA	131204	30uMkd	41	2	1	4	4745.000000	114	1480.000000
LMNAsi	LMNA	131204	30uMkd	42	1	1	78	2431.000000	157	796.000000
LMNAsi	LMNA	131204	30uMkd	42	2	2	15	4009.000000	75	892.000000
LMNAsi	LMNA	131204	30uMkd	42	2	2	15	4009.000000	75	1573.000000
